[gd_scene format=3 uid="uid://djjgfxkdb3yjw"]

[ext_resource type="PackedScene" uid="uid://bebb24qflfntg" path="res://Models/Characters/Mayfly/Mayfly.glb" id="1_b1dom"]
[ext_resource type="Script" uid="uid://b67p4er5pdntl" path="res://Scripts/Characters/CharacterController.gd" id="1_wgll5"]
[ext_resource type="AnimationLibrary" uid="uid://vfmegwigbpp6" path="res://Animations/Libraries/Lower Body.res" id="2_5vh08"]
[ext_resource type="Texture2D" uid="uid://b0g1xv1gbqo2t" path="res://Textures/Characters/Mayfly/Cards/6c34b3ba.png" id="2_qdmts"]
[ext_resource type="Script" uid="uid://0a1jysr3rwqr" path="res://addons/wigglebone/wiggle_bone.gd" id="3_dhxsf"]
[ext_resource type="Texture2D" uid="uid://b4us62c4nw8bf" path="res://Textures/Characters/Mayfly/Cards/fe56c5eb.png" id="3_ji630"]
[ext_resource type="AnimationLibrary" uid="uid://bsjytcm2c8cq4" path="res://Animations/Characters/Mayfly/Taunts.res" id="3_wgll5"]
[ext_resource type="AnimationLibrary" uid="uid://dnhupqy51bnxj" path="res://Animations/Libraries/Upper Body.res" id="4_5qxpq"]
[ext_resource type="PackedScene" uid="uid://cbljabamec4yv" path="res://Prefabs/Characters/Common/GameplayAnimationTreeV2.tscn" id="4_7pwax"]
[ext_resource type="Script" uid="uid://clqr0agw21yiu" path="res://addons/wigglebone/wiggle_properties.gd" id="4_c1562"]
[ext_resource type="Script" uid="uid://bosu3x1t1to4" path="res://Scripts/Characters/CharacterSFXController.gd" id="5_dhxsf"]
[ext_resource type="PackedScene" uid="uid://cnwwwjk7llw03" path="res://Prefabs/Characters/Common/TauntAnimationTree.tscn" id="5_jksom"]
[ext_resource type="AudioStream" uid="uid://caqbht7qwhd8r" path="res://Sound/Characters/Mayfly/Taunts/Entrance.wav" id="6_c1562"]
[ext_resource type="PackedScene" uid="uid://blnck15xqws86" path="res://Prefabs/Weapons/SniperRifle/SniperRifle.tscn" id="6_vtabk"]
[ext_resource type="AudioStream" uid="uid://dur2jfph1faay" path="res://Sound/Characters/Mayfly/Taunts/Win.wav" id="7_qdmts"]
[ext_resource type="PackedScene" uid="uid://e2x4pxle61fa" path="res://Models/Characters/Mayfly/Skins/Default.tscn" id="8_icvnh"]
[ext_resource type="AudioStream" uid="uid://dheiicvawvtyy" path="res://Sound/Characters/Mayfly/Taunts/Lose.wav" id="8_ji630"]
[ext_resource type="PackedScene" uid="uid://blgqvbxjfjr68" path="res://Prefabs/Characters/Common/SFX/Common.tscn" id="9_7pwax"]
[ext_resource type="PackedScene" uid="uid://dh6m3j8i17st7" path="res://Models/Characters/Mayfly/Skins/Skin1.tscn" id="9_uxa88"]
[ext_resource type="Texture2D" uid="uid://dedf31r5e3rwt" path="res://Textures/Characters/Mayfly/Skins/Default/ef72a3db.png" id="9_vtabk"]
[ext_resource type="Texture2D" uid="uid://e368eaqrqnqw" path="res://Textures/Characters/Mayfly/ef72a3db_spec.png" id="10_50vbu"]
[ext_resource type="AudioStream" uid="uid://ufpw410hen6y" path="res://Sound/Characters/Mayfly/Damage/Death.wav" id="10_jksom"]
[ext_resource type="PackedScene" uid="uid://bmuljmi6fxn4h" path="res://Prefabs/Characters/Common/Hitboxes.tscn" id="10_mexmt"]
[ext_resource type="PackedScene" uid="uid://4vlkan0o1phi" path="res://Models/Characters/Mayfly/Skins/Skin2.tscn" id="10_r827j"]
[ext_resource type="AudioStream" uid="uid://dfmu6setfkov2" path="res://Sound/Characters/Mayfly/Damage/Hit 1.wav" id="11_femu6"]
[ext_resource type="PackedScene" uid="uid://b0oixksqvhn7j" path="res://Models/Characters/Mayfly/Skins/Skin3.tscn" id="11_hguf2"]
[ext_resource type="PackedScene" uid="uid://bexuiaqh7fwn0" path="res://Prefabs/Characters/Common/Fists.tscn" id="11_icvnh"]
[ext_resource type="AudioStream" uid="uid://dmrx6y3ujpek5" path="res://Sound/Characters/Mayfly/Damage/Hit 2.wav" id="12_mexmt"]
[ext_resource type="AudioStream" uid="uid://q3abllkjugp6" path="res://Sound/Characters/Mayfly/Damage/Hit 3.wav" id="13_icvnh"]
[ext_resource type="AudioStream" uid="uid://dunkyet5380ap" path="res://Sound/Characters/Mayfly/Pickup/Pickup 1.wav" id="14_uxa88"]
[ext_resource type="AudioStream" uid="uid://cd5rtf68q1psx" path="res://Sound/Characters/Mayfly/Pickup/Pickup 2.wav" id="15_r827j"]
[ext_resource type="AudioStream" uid="uid://cabr1pk1akabc" path="res://Sound/Characters/Mayfly/Pickup/Pickup 3.wav" id="16_hguf2"]
[ext_resource type="AudioStream" uid="uid://bja1heleqytcy" path="res://Sound/Characters/Mayfly/Attacks/Attack 1.wav" id="17_8spsv"]
[ext_resource type="AnimationLibrary" uid="uid://dge8odbv61k4d" path="res://Animations/Libraries/Hit Reactions.res" id="18_50vbu"]
[ext_resource type="AudioStream" uid="uid://bwgia2k52s1ol" path="res://Sound/Characters/Mayfly/Attacks/Attack 2.wav" id="18_swefm"]
[ext_resource type="AudioStream" uid="uid://chuyhvdaw4eiv" path="res://Sound/Characters/Mayfly/Attacks/Attack 3.wav" id="19_nntld"]
[ext_resource type="AudioStream" uid="uid://b3hv8lahvhavx" path="res://Sound/Characters/Mayfly/Specials/Special 1.wav" id="20_ijcq6"]
[ext_resource type="AudioStream" uid="uid://xvrtauyxmkuq" path="res://Sound/Characters/Mayfly/Specials/Special 2.wav" id="21_l5512"]
[ext_resource type="AudioStream" uid="uid://d7lbvw0h2m3l" path="res://Sound/Characters/Mayfly/Specials/Special 3.wav" id="22_4cc3r"]

[sub_resource type="StandardMaterial3D" id="StandardMaterial3D_50vbu"]
resource_local_to_scene = true
albedo_texture = ExtResource("9_vtabk")
ao_enabled = true
ao_texture = ExtResource("10_50vbu")

[sub_resource type="Resource" id="Resource_qdmts"]
script = ExtResource("4_c1562")
stiffness = 0.2
damping = 0.5
length = 0.2

[sub_resource type="Animation" id="Animation_k765d"]
length = 0.001
tracks/0/type = "position_3d"
tracks/0/imported = false
tracks/0/enabled = true
tracks/0/path = NodePath("%GeneralSkeleton")
tracks/0/interp = 1
tracks/0/loop_wrap = true
tracks/0/keys = PackedFloat32Array(0, 1, 0, 0, 0)

[sub_resource type="AnimationLibrary" id="AnimationLibrary_76jkn"]
_data = {
&"RESET": SubResource("Animation_k765d")
}

[sub_resource type="AudioStreamRandomizer" id="AudioStreamRandomizer_t3edx"]
streams_count = 3
stream_0/stream = ExtResource("11_femu6")
stream_1/stream = ExtResource("12_mexmt")
stream_2/stream = ExtResource("13_icvnh")

[sub_resource type="AudioStreamRandomizer" id="AudioStreamRandomizer_40wxv"]
streams_count = 3
stream_0/stream = ExtResource("14_uxa88")
stream_1/stream = ExtResource("15_r827j")
stream_2/stream = ExtResource("16_hguf2")

[sub_resource type="AudioStreamRandomizer" id="AudioStreamRandomizer_vbr5j"]
streams_count = 3
stream_0/stream = ExtResource("17_8spsv")
stream_1/stream = ExtResource("18_swefm")
stream_2/stream = ExtResource("19_nntld")

[node name="Mayfly" type="Node3D" unique_id=1923316814 node_paths=PackedStringArray("skins", "hitboxes", "fists", "jiggle_bones", "sfx_controller", "body_slot", "right_hand_slot")]
script = ExtResource("1_wgll5")
character_team = 3
avatar_big = ExtResource("2_qdmts")
avatar_small = ExtResource("3_ji630")
skins = [NodePath("Model/Armature/GeneralSkeleton/Default"), NodePath("Model/Armature/GeneralSkeleton/Skin1"), NodePath("Model/Armature/GeneralSkeleton/Skin2"), NodePath("Model/Armature/GeneralSkeleton/Skin3")]
stat_speed = 3
hitboxes = [NodePath("Model/Armature/GeneralSkeleton/Hitboxes/Head/Area3D"), NodePath("Model/Armature/GeneralSkeleton/Hitboxes/Torso/Area3D"), NodePath("Model/Armature/GeneralSkeleton/Hitboxes/HipL/Area3D"), NodePath("Model/Armature/GeneralSkeleton/Hitboxes/ShinL/Area3D"), NodePath("Model/Armature/GeneralSkeleton/Hitboxes/FootL/Area3D"), NodePath("Model/Armature/GeneralSkeleton/Hitboxes/HipR/Area3D"), NodePath("Model/Armature/GeneralSkeleton/Hitboxes/ShinR/Area3D"), NodePath("Model/Armature/GeneralSkeleton/Hitboxes/FootR/Area3D"), NodePath("Model/Armature/GeneralSkeleton/Hitboxes/BicepL/Area3D"), NodePath("Model/Armature/GeneralSkeleton/Hitboxes/TricepL/Area3D"), NodePath("Model/Armature/GeneralSkeleton/Hitboxes/HandL/Area3D"), NodePath("Model/Armature/GeneralSkeleton/Hitboxes/BicepR/Area3D"), NodePath("Model/Armature/GeneralSkeleton/Hitboxes/TricepR/Area3D"), NodePath("Model/Armature/GeneralSkeleton/Hitboxes/HandR/Area3D")]
fists = [NodePath("Model/Armature/GeneralSkeleton/Fists/HandL/Fist"), NodePath("Model/Armature/GeneralSkeleton/Fists/HandR/Fist")]
jiggle_bones = [NodePath("Model/Armature/GeneralSkeleton/BoobJiggle_L"), NodePath("Model/Armature/GeneralSkeleton/BoobJiggle_R")]
sfx_controller = NodePath("SFX")
gameplay_animation_tree = ExtResource("4_7pwax")
taunt_animation_tree = ExtResource("5_jksom")
body_slot = NodePath("Model/Armature/GeneralSkeleton/Body Slot")
right_hand_slot = NodePath("Model/Armature/GeneralSkeleton/Right Hand Slot")
initial_loadout = ExtResource("6_vtabk")

[node name="Model" parent="." unique_id=289208743 instance=ExtResource("1_b1dom")]
transform = Transform3D(-1, 0, -8.742278e-08, 0, 1, 0, 8.742278e-08, 0, -1, 0, 0, 0)

[node name="GeneralSkeleton" parent="Model/Armature" index="0"]
bones/0/position = Vector3(0.56319124, 1.1461326, -0.23586595)
bones/0/rotation = Quaternion(-0.7033598, 2.9802319e-08, -0.7108342, -5.9604638e-08)
bones/1/position = Vector3(0.37781146, 0.46276674, 0.75539386)
bones/2/position = Vector3(0.24132046, 0.114338264, 0.15052952)
bones/2/rotation = Quaternion(0.87769055, -0.036035202, 0.06684247, 0.4731732)
bones/3/position = Vector3(-0.023641482, 1.8742641, -0.42110395)
bones/3/rotation = Quaternion(-1.4901165e-07, -1.9470716e-07, -6.3948846e-14, 1)
bones/4/position = Vector3(2.209964e-16, 0.88125104, -0.07453714)
bones/4/rotation = Quaternion(0, -0.3651538, 0, 0.93094724)
bones/5/position = Vector3(-1.9157265e-09, -1.4571483e-08, 1.0364177e-08)
bones/5/rotation = Quaternion(-0.0007612051, 0.16125345, 0.0002691727, 0.9869127)
bones/6/rotation = Quaternion(-0.23877016, -0.1261443, 0.23957296, 0.932567)
bones/7/rotation = Quaternion(-0.29523692, 0.3104666, 0.19477667, 0.88233083)
bones/8/rotation = Quaternion(0.91738045, -4.0272934e-07, 4.465854e-09, -0.39801165)
bones/9/rotation = Quaternion(-0.21125305, 0.6336807, -0.73461354, -0.119012386)
bones/10/rotation = Quaternion(-0.19451916, -0.16096987, -0.1612765, 0.95406544)
bones/11/rotation = Quaternion(0.9025497, -1.8532481e-07, 1.3697779e-08, -0.43058577)
bones/12/rotation = Quaternion(0.21255912, 0.4994915, -0.83262783, 0.10980792)
bones/13/rotation = Quaternion(-0.51853955, -7.305416e-08, 0.48074627, 0.7071067)
bones/15/rotation = Quaternion(-0.03126826, 0.013564573, 0.03228099, 0.9988976)
bones/16/rotation = Quaternion(-0.0062951045, 0.3655881, 0.0024727334, 0.9307522)
bones/17/rotation = Quaternion(0.535036, 0.51284367, 0.44270492, -0.504718)
bones/18/rotation = Quaternion(-0.6260021, 0.322199, -0.23752362, 0.6692471)
bones/19/rotation = Quaternion(0.058817863, -0.003031909, -0.3876319, 0.9199308)
bones/20/rotation = Quaternion(0.116209045, 0.8603406, 0.2094135, 0.44995067)
bones/21/rotation = Quaternion(0.38511246, 0.6245898, 0.60128844, 0.3162725)
bones/22/position = Vector3(-0.1333074, -0.44142523, 0.08499102)
bones/22/rotation = Quaternion(0.09114651, -0.42970166, -0.8746, -0.20524064)
bones/23/rotation = Quaternion(0.4529273, -0.5492824, -0.5336393, -0.45648098)
bones/24/rotation = Quaternion(-0.45431715, -0.30949697, 0.55362195, 0.62554806)
bones/25/rotation = Quaternion(0.052178174, 0.0026893914, 0.34387228, 0.93756175)
bones/26/rotation = Quaternion(0.1813601, 0.83394766, 0.09255431, -0.512907)
bones/27/rotation = Quaternion(-0.66727203, 0.6727281, 0.27129886, -0.16906202)
bones/28/position = Vector3(0.22067553, -0.033361237, 0.42311373)
bones/28/rotation = Quaternion(0.20849255, 0.681156, 0.69473636, -0.09949249)
bones/29/rotation = Quaternion(0.4130532, 0.40231863, 0.8167279, 0.021964684)
bones/31/position = Vector3(-0.6606809, 0.5266973, -0.20256189)
bones/31/rotation = Quaternion(0.7033598, 2.9802319e-08, -0.7108342, 5.9604638e-08)
bones/32/position = Vector3(-0.71280444, 0.7498064, 0.46694574)
bones/33/position = Vector3(-0.19966458, 0.11433827, -0.23608808)
bones/33/rotation = Quaternion(0.86305946, -0.09327893, 0.17302284, 0.4652854)

[node name="Mayfly" parent="Model/Armature/GeneralSkeleton" index="0"]
visible = false

[node name="Default" parent="Model/Armature/GeneralSkeleton" index="1" unique_id=1951877582 instance=ExtResource("8_icvnh")]
surface_material_override/1 = SubResource("StandardMaterial3D_50vbu")

[node name="Skin1" parent="Model/Armature/GeneralSkeleton" index="2" unique_id=525841906 instance=ExtResource("9_uxa88")]
visible = false

[node name="Skin2" parent="Model/Armature/GeneralSkeleton" index="3" unique_id=1677898456 instance=ExtResource("10_r827j")]
visible = false

[node name="Skin3" parent="Model/Armature/GeneralSkeleton" index="4" unique_id=1181546043 instance=ExtResource("11_hguf2")]
visible = false

[node name="BoobJiggle_L" type="BoneAttachment3D" parent="Model/Armature/GeneralSkeleton" index="5" unique_id=1432692266]
transform = Transform3D(-0.9290888, -0.24171564, 0.2799428, 0.034587104, 0.6967959, 0.71643555, -0.36823642, 0.6753145, -0.6390251, -0.02721679, 1.2174077, -0.18220378)
bone_name = "Boob.L"
bone_idx = 29
script = ExtResource("3_dhxsf")
properties = SubResource("Resource_qdmts")

[node name="BoobJiggle_R" type="BoneAttachment3D" parent="Model/Armature/GeneralSkeleton" index="6" unique_id=1539331674]
transform = Transform3D(-0.035688154, -0.6765477, -0.7355336, -0.92904687, 0.29365554, -0.22502863, 0.3682361, 0.6753144, -0.63902473, -0.09394493, 1.155543, -0.18220378)
bone_name = "Boob.R"
bone_idx = 30
script = ExtResource("3_dhxsf")
properties = SubResource("Resource_qdmts")

[node name="Body Slot" type="BoneAttachment3D" parent="Model/Armature/GeneralSkeleton" index="7" unique_id=66283398]
transform = Transform3D(0.7333255, 8.940697e-08, -0.6798778, 0.6798778, -3.5762787e-07, 0.7333254, -1.4901161e-07, -1, -3.5762787e-07, -0.038444966, 1.1625993, -0.033069875)
bone_name = "Spine"
bone_idx = 13

[node name="Offset" type="Node3D" parent="Model/Armature/GeneralSkeleton/Body Slot" unique_id=757756044]
transform = Transform3D(1, 0, 0, 0, 1, 0, 0, 0, 1, -1.3222078e-08, 1.3600232e-15, -0.22738057)

[node name="Right Hand Slot" type="BoneAttachment3D" parent="Model/Armature/GeneralSkeleton" index="8" unique_id=447488411]
transform = Transform3D(-0.257717, -0.053673957, 0.96472836, 0.7736349, 0.58670235, 0.23931035, -0.57885313, 0.80802196, -0.10967928, -0.121055126, 1.3632025, 0.176831)
bone_name = "RightHand"
bone_idx = 26

[node name="Offset" type="Node3D" parent="Model/Armature/GeneralSkeleton/Right Hand Slot" unique_id=625884742]
transform = Transform3D(-4.371139e-08, 1, -4.371139e-08, 0, -4.371139e-08, -1, -1, -4.371139e-08, 1.9106855e-15, 4.678992e-09, 0.08573668, 1.8917469e-10)

[node name="Hitboxes" parent="Model/Armature/GeneralSkeleton" index="9" unique_id=1583919959 instance=ExtResource("10_mexmt")]

[node name="Head" parent="Model/Armature/GeneralSkeleton/Hitboxes" index="0"]
transform = Transform3D(0.9995944, -0.00641591, 0.027749062, -0.028262794, -0.10304813, 0.99427485, -0.003519643, -0.9946557, -0.103187665, -0.024828473, 1.1392019, -0.33563718)

[node name="Torso" parent="Model/Armature/GeneralSkeleton/Hitboxes" index="1"]
transform = Transform3D(0.7284403, -0.14418006, -0.6697663, 0.50751, 0.77027184, 0.38615388, 0.4602265, -0.6212031, 0.6342699, -0.020331195, 1.0366874, -0.029563662)

[node name="HipL" parent="Model/Armature/GeneralSkeleton/Hitboxes" index="2"]
transform = Transform3D(0.9392638, -0.3156789, 0.13464916, 0.15954782, 0.74900705, 0.64306533, -0.30385527, -0.582525, 0.75388104, 0.055755187, 0.89561135, -0.012851335)

[node name="CollisionShape3D" parent="Model/Armature/GeneralSkeleton/Hitboxes/HipL/Area3D" index="0"]
transform = Transform3D(1, 0, 0, 2.98023e-08, 1, 0, 0, -8.9407e-08, 1, -0.015078609, -0.19541714, 0.0036977308)

[node name="ShinL" parent="Model/Armature/GeneralSkeleton/Hitboxes" index="3"]
transform = Transform3D(0.939264, 0.1173344, -0.3225149, 0.15954708, -0.98130435, 0.107641816, -0.30385506, -0.15256038, -0.94042414, 0.19121009, 0.5673443, 0.23349485)
bone_name = "LeftLowerLeg"

[node name="CollisionShape3D" parent="Model/Armature/GeneralSkeleton/Hitboxes/ShinL/Area3D" index="0"]
transform = Transform3D(1, -1.49012e-08, 2.98023e-08, 7.45058e-09, 1, 0, 2.98023e-08, -1.49012e-08, 1, -0.00463131, 0.171816, 0.0108838)

[node name="FootL" parent="Model/Armature/GeneralSkeleton/Hitboxes" index="4"]
transform = Transform3D(-0.98846686, -0.15143707, -1.2293458e-07, -1.0430813e-07, 3.7252903e-08, 1.0000001, -0.15143725, 0.988467, -7.4505806e-08, 0.24132311, 0.114322305, 0.15053104)
bone_name = "LeftFoot"

[node name="CollisionShape3D" parent="Model/Armature/GeneralSkeleton/Hitboxes/FootL/Area3D" index="0"]
transform = Transform3D(1, -1.02073e-06, 9.76026e-07, -5.96046e-08, 1, 2.98023e-07, 2.23517e-08, 2.98023e-08, 1, -0.0117028, 0.0856321, -0.00270143)

[node name="HipR" parent="Model/Armature/GeneralSkeleton/Hitboxes" index="5"]
transform = Transform3D(0.6647585, 0.4692036, -0.5813297, -0.24426891, 0.87190175, 0.42440557, 0.70599496, -0.14012645, 0.69421583, -0.08315114, 0.8955678, -0.07549627)

[node name="CollisionShape3D" parent="Model/Armature/GeneralSkeleton/Hitboxes/HipR/Area3D" index="0"]
transform = Transform3D(1.0000001, -5.2154064e-08, -5.9604645e-08, -2.2351742e-08, 1.0000013, 1.3411045e-07, 0, -1.0430813e-07, 1, -0.009261218, -0.16294238, 0.021738205)

[node name="ShinR" parent="Model/Armature/GeneralSkeleton/Hitboxes" index="6"]
transform = Transform3D(0.6647584, 0.15661928, 0.7304566, -0.24426927, -0.87846273, 0.41065314, 0.7059949, -0.45141315, -0.5457081, -0.28175938, 0.5157551, -0.019900862)
bone_name = "RightLowerLeg"

[node name="CollisionShape3D" parent="Model/Armature/GeneralSkeleton/Hitboxes/ShinR/Area3D" index="0"]
transform = Transform3D(1, -2.98023e-08, -2.98023e-08, 0, 1, 0, 0, 1.49012e-08, 1, 0.00224671, 0.18338, 0.0280048)

[node name="FootR" parent="Model/Armature/GeneralSkeleton/Hitboxes" index="7"]
transform = Transform3D(-0.92272484, -0.38545984, 6.556511e-07, 4.917383e-07, 6.2584877e-07, 1.0000001, -0.38545978, 0.9227247, -2.5331974e-07, -0.19966543, 0.11432585, -0.23609143)
bone_name = "RightFoot"

[node name="CollisionShape3D" parent="Model/Armature/GeneralSkeleton/Hitboxes/FootR/Area3D" index="0"]
transform = Transform3D(1, -1.04308e-06, 9.98378e-07, -5.96046e-08, 1, 3.57628e-07, 1.49012e-08, 2.98023e-08, 1, 0.0129449, 0.0689975, 0.00825714)

[node name="BicepL" parent="Model/Armature/GeneralSkeleton/Hitboxes" index="8"]
transform = Transform3D(-0.9906687, 0.09957033, 0.09306551, 0.102821045, 0.09780005, 0.9898802, 0.08946083, 0.9902125, -0.10712544, 0.061717495, 1.2225595, -0.21100062)

[node name="TricepL" parent="Model/Armature/GeneralSkeleton/Hitboxes" index="9"]
transform = Transform3D(-0.7677102, -0.626932, 0.13257885, -0.037481207, 0.25047535, 0.9673971, -0.63970006, 0.7377114, -0.21579072, 0.09340272, 1.2457656, 0.057756305)

[node name="HandL" parent="Model/Armature/GeneralSkeleton/Hitboxes" index="10"]
transform = Transform3D(0.09642125, -0.5022091, -0.85935366, -0.5833155, 0.6710633, -0.45762092, 0.8065022, 0.5453988, -0.22824168, -0.062445424, 1.305152, 0.2335576)
bone_name = "LeftHand"

[node name="BicepR" parent="Model/Armature/GeneralSkeleton/Hitboxes" index="11"]
transform = Transform3D(-0.7141807, -0.22220103, -0.66375655, -0.6930412, 0.3574877, 0.62601656, 0.09818332, 0.9070994, -0.4093052, -0.11804256, 1.0816264, -0.2098832)

[node name="TricepR" parent="Model/Armature/GeneralSkeleton/Hitboxes" index="12"]
transform = Transform3D(-0.7090794, 0.225694, -0.66803354, -0.27921224, 0.7800848, 0.5599183, 0.647493, 0.5835495, -0.49012542, -0.18001859, 1.1734679, 0.038102493)

[node name="HandR" parent="Model/Armature/GeneralSkeleton/Hitboxes" index="13"]
transform = Transform3D(-0.257717, -0.053673957, 0.96472836, 0.7736349, 0.58670235, 0.23931035, -0.57885313, 0.80802196, -0.10967928, -0.121055126, 1.3632025, 0.176831)
bone_name = "RightHand"

[node name="Fists" parent="Model/Armature/GeneralSkeleton" index="10" unique_id=1095008109 instance=ExtResource("11_icvnh")]

[node name="HandL" parent="Model/Armature/GeneralSkeleton/Fists" index="0" unique_id=1272063757]
transform = Transform3D(0.09642125, -0.5022091, -0.85935366, -0.5833155, 0.6710633, -0.45762092, 0.8065022, 0.5453988, -0.22824168, -0.062445424, 1.305152, 0.2335576)
bone_name = "LeftHand"

[node name="HandR" parent="Model/Armature/GeneralSkeleton/Fists" index="1" unique_id=415397566]
transform = Transform3D(-0.257717, -0.053673957, 0.96472836, 0.7736349, 0.58670235, 0.23931035, -0.57885313, 0.80802196, -0.10967928, -0.121055126, 1.3632025, 0.176831)
bone_name = "RightHand"

[node name="AnimationPlayer" type="AnimationPlayer" parent="Model" unique_id=506883807]
root_node = NodePath("../Armature")
libraries/ = SubResource("AnimationLibrary_76jkn")
"libraries/Hit Reactions" = ExtResource("18_50vbu")
"libraries/Lower Body" = ExtResource("2_5vh08")
libraries/Taunts = ExtResource("3_wgll5")
"libraries/Upper Body" = ExtResource("4_5qxpq")

[node name="SFX" type="Node3D" parent="." unique_id=367443211]
process_mode = 3
script = ExtResource("5_dhxsf")

[node name="Taunts" type="Node3D" parent="SFX" unique_id=1267255425]

[node name="Entrance" type="AudioStreamPlayer3D" parent="SFX/Taunts" unique_id=249791868]
stream = ExtResource("6_c1562")
volume_db = -15.0
max_db = 0.0
bus = &"Characters"
attenuation_filter_db = 0.0

[node name="Win" type="AudioStreamPlayer3D" parent="SFX/Taunts" unique_id=219285930]
stream = ExtResource("7_qdmts")
volume_db = -15.0
max_db = 0.0
bus = &"Characters"
attenuation_filter_db = 0.0

[node name="Lose" type="AudioStreamPlayer3D" parent="SFX/Taunts" unique_id=194963304]
stream = ExtResource("8_ji630")
volume_db = -15.0
max_db = 0.0
bus = &"Characters"
attenuation_filter_db = 0.0

[node name="Common" parent="SFX" unique_id=1719745336 instance=ExtResource("9_7pwax")]

[node name="Death" type="AudioStreamPlayer3D" parent="SFX" unique_id=1895914205]
transform = Transform3D(1, 0, 0, 0, 1, 0, 0, 0, 1, 0, 1.49041, 0)
stream = ExtResource("10_jksom")
volume_db = -10.0
max_db = 0.0
pitch_scale = 0.64
bus = &"Characters"
attenuation_filter_db = 0.0

[node name="Hit" type="AudioStreamPlayer3D" parent="SFX" unique_id=899509635]
transform = Transform3D(1, 0, 0, 0, 1, 0, 0, 0, 1, 0, 1.49041, 0)
stream = SubResource("AudioStreamRandomizer_t3edx")
volume_db = -10.0
max_db = 0.0
pitch_scale = 0.64
bus = &"Characters"
attenuation_filter_db = 0.0

[node name="Pickup" type="AudioStreamPlayer3D" parent="SFX" unique_id=557487958]
transform = Transform3D(1, 0, 0, 0, 1, 0, 0, 0, 1, 0, 1.49041, 0)
stream = SubResource("AudioStreamRandomizer_40wxv")
volume_db = -10.0
max_db = 0.0
pitch_scale = 0.64
bus = &"Characters"
attenuation_filter_db = 0.0

[node name="Attack" type="AudioStreamPlayer3D" parent="SFX" unique_id=1600355418]
transform = Transform3D(1, 0, 0, 0, 1, 0, 0, 0, 1, 0, 1.49041, 0)
stream = SubResource("AudioStreamRandomizer_vbr5j")
volume_db = -10.0
max_db = 0.0
pitch_scale = 0.64
bus = &"Characters"
attenuation_filter_db = 0.0

[node name="Special 1" type="AudioStreamPlayer3D" parent="SFX" unique_id=1986593535]
transform = Transform3D(1, 0, 0, 0, 1, 0, 0, 0, 1, 0, 1.49041, 0)
stream = ExtResource("20_ijcq6")
volume_db = -10.0
max_db = 0.0
pitch_scale = 0.64
bus = &"Characters"
attenuation_filter_db = 0.0

[node name="Special 2" type="AudioStreamPlayer3D" parent="SFX" unique_id=952694331]
transform = Transform3D(1, 0, 0, 0, 1, 0, 0, 0, 1, 0, 1.49041, 0)
stream = ExtResource("21_l5512")
volume_db = -10.0
max_db = 0.0
pitch_scale = 0.64
bus = &"Characters"
attenuation_filter_db = 0.0

[node name="Special 3" type="AudioStreamPlayer3D" parent="SFX" unique_id=226006209]
transform = Transform3D(1, 0, 0, 0, 1, 0, 0, 0, 1, 0, 1.49041, 0)
stream = ExtResource("22_4cc3r")
volume_db = -10.0
max_db = 0.0
pitch_scale = 0.64
bus = &"Characters"
attenuation_filter_db = 0.0

[editable path="Model"]
[editable path="Model/Armature/GeneralSkeleton/Hitboxes"]
[editable path="Model/Armature/GeneralSkeleton/Fists"]
