[gd_scene load_steps=44 format=3 uid="uid://djjgfxkdb3yjw"]

[ext_resource type="PackedScene" uid="uid://bebb24qflfntg" path="res://Models/Characters/Mayfly/Mayfly.glb" id="1_b1dom"]
[ext_resource type="Script" uid="uid://b67p4er5pdntl" path="res://Scripts/Characters/CharacterController.gd" id="1_wgll5"]
[ext_resource type="AnimationLibrary" uid="uid://vfmegwigbpp6" path="res://Animations/Libraries/Lower Body.res" id="2_5vh08"]
[ext_resource type="Texture2D" uid="uid://b0g1xv1gbqo2t" path="res://Textures/Characters/Mayfly/Cards/6c34b3ba.png" id="2_qdmts"]
[ext_resource type="Script" uid="uid://0a1jysr3rwqr" path="res://addons/wigglebone/wiggle_bone.gd" id="3_dhxsf"]
[ext_resource type="Texture2D" uid="uid://b4us62c4nw8bf" path="res://Textures/Characters/Mayfly/Cards/fe56c5eb.png" id="3_ji630"]
[ext_resource type="AnimationLibrary" uid="uid://bsjytcm2c8cq4" path="res://Animations/Characters/Mayfly/Taunts.res" id="3_wgll5"]
[ext_resource type="AnimationLibrary" uid="uid://dnhupqy51bnxj" path="res://Animations/Libraries/Upper Body.res" id="4_5qxpq"]
[ext_resource type="PackedScene" uid="uid://cbljabamec4yv" path="res://Prefabs/Characters/Common/GameplayAnimationTreeV2.tscn" id="4_7pwax"]
[ext_resource type="Script" uid="uid://clqr0agw21yiu" path="res://addons/wigglebone/wiggle_properties.gd" id="4_c1562"]
[ext_resource type="PackedScene" uid="uid://cti1ekhybelqv" path="res://Prefabs/Weapons/SniperRifle/SniperRifle.tscn" id="5_c1562"]
[ext_resource type="Script" uid="uid://bosu3x1t1to4" path="res://Scripts/Characters/CharacterSFXController.gd" id="5_dhxsf"]
[ext_resource type="PackedScene" uid="uid://cnwwwjk7llw03" path="res://Prefabs/Characters/Common/TauntAnimationTree.tscn" id="5_jksom"]
[ext_resource type="AudioStream" uid="uid://caqbht7qwhd8r" path="res://Sound/Characters/Mayfly/Taunts/Entrance.wav" id="6_c1562"]
[ext_resource type="AudioStream" uid="uid://dur2jfph1faay" path="res://Sound/Characters/Mayfly/Taunts/Win.wav" id="7_qdmts"]
[ext_resource type="PackedScene" uid="uid://e2x4pxle61fa" path="res://Models/Characters/Mayfly/Skins/Default.tscn" id="8_icvnh"]
[ext_resource type="AudioStream" uid="uid://dheiicvawvtyy" path="res://Sound/Characters/Mayfly/Taunts/Lose.wav" id="8_ji630"]
[ext_resource type="PackedScene" uid="uid://blgqvbxjfjr68" path="res://Prefabs/Characters/Common/SFX/Common.tscn" id="9_7pwax"]
[ext_resource type="PackedScene" uid="uid://dh6m3j8i17st7" path="res://Models/Characters/Mayfly/Skins/Skin1.tscn" id="9_uxa88"]
[ext_resource type="Texture2D" uid="uid://dedf31r5e3rwt" path="res://Textures/Characters/Mayfly/Skins/Default/ef72a3db.png" id="9_vtabk"]
[ext_resource type="Texture2D" uid="uid://e368eaqrqnqw" path="res://Textures/Characters/Mayfly/ef72a3db_spec.png" id="10_50vbu"]
[ext_resource type="AudioStream" uid="uid://ufpw410hen6y" path="res://Sound/Characters/Mayfly/Damage/Death.wav" id="10_jksom"]
[ext_resource type="PackedScene" uid="uid://bmuljmi6fxn4h" path="res://Prefabs/Characters/Common/Hitboxes.tscn" id="10_mexmt"]
[ext_resource type="PackedScene" uid="uid://4vlkan0o1phi" path="res://Models/Characters/Mayfly/Skins/Skin2.tscn" id="10_r827j"]
[ext_resource type="AudioStream" uid="uid://dfmu6setfkov2" path="res://Sound/Characters/Mayfly/Damage/Hit 1.wav" id="11_femu6"]
[ext_resource type="PackedScene" uid="uid://b0oixksqvhn7j" path="res://Models/Characters/Mayfly/Skins/Skin3.tscn" id="11_hguf2"]
[ext_resource type="PackedScene" uid="uid://bexuiaqh7fwn0" path="res://Prefabs/Characters/Common/Fists.tscn" id="11_icvnh"]
[ext_resource type="AudioStream" uid="uid://dmrx6y3ujpek5" path="res://Sound/Characters/Mayfly/Damage/Hit 2.wav" id="12_mexmt"]
[ext_resource type="AudioStream" uid="uid://q3abllkjugp6" path="res://Sound/Characters/Mayfly/Damage/Hit 3.wav" id="13_icvnh"]
[ext_resource type="AudioStream" uid="uid://dunkyet5380ap" path="res://Sound/Characters/Mayfly/Pickup/Pickup 1.wav" id="14_uxa88"]
[ext_resource type="AudioStream" uid="uid://cd5rtf68q1psx" path="res://Sound/Characters/Mayfly/Pickup/Pickup 2.wav" id="15_r827j"]
[ext_resource type="AudioStream" uid="uid://cabr1pk1akabc" path="res://Sound/Characters/Mayfly/Pickup/Pickup 3.wav" id="16_hguf2"]
[ext_resource type="AudioStream" uid="uid://bja1heleqytcy" path="res://Sound/Characters/Mayfly/Attacks/Attack 1.wav" id="17_8spsv"]
[ext_resource type="AudioStream" uid="uid://bwgia2k52s1ol" path="res://Sound/Characters/Mayfly/Attacks/Attack 2.wav" id="18_swefm"]
[ext_resource type="AudioStream" uid="uid://chuyhvdaw4eiv" path="res://Sound/Characters/Mayfly/Attacks/Attack 3.wav" id="19_nntld"]
[ext_resource type="AudioStream" uid="uid://b3hv8lahvhavx" path="res://Sound/Characters/Mayfly/Specials/Special 1.wav" id="20_ijcq6"]
[ext_resource type="AudioStream" uid="uid://xvrtauyxmkuq" path="res://Sound/Characters/Mayfly/Specials/Special 2.wav" id="21_l5512"]
[ext_resource type="AudioStream" uid="uid://d7lbvw0h2m3l" path="res://Sound/Characters/Mayfly/Specials/Special 3.wav" id="22_4cc3r"]

[sub_resource type="StandardMaterial3D" id="StandardMaterial3D_vtabk"]
resource_local_to_scene = true
albedo_texture = ExtResource("9_vtabk")
ao_enabled = true
ao_texture = ExtResource("10_50vbu")

[sub_resource type="Resource" id="Resource_qdmts"]
script = ExtResource("4_c1562")
stiffness = 0.2
damping = 0.5
length = 0.2

[sub_resource type="AudioStreamRandomizer" id="AudioStreamRandomizer_t3edx"]
streams_count = 3
stream_0/stream = ExtResource("11_femu6")
stream_1/stream = ExtResource("12_mexmt")
stream_2/stream = ExtResource("13_icvnh")

[sub_resource type="AudioStreamRandomizer" id="AudioStreamRandomizer_40wxv"]
streams_count = 3
stream_0/stream = ExtResource("14_uxa88")
stream_1/stream = ExtResource("15_r827j")
stream_2/stream = ExtResource("16_hguf2")

[sub_resource type="AudioStreamRandomizer" id="AudioStreamRandomizer_vbr5j"]
streams_count = 3
stream_0/stream = ExtResource("17_8spsv")
stream_1/stream = ExtResource("18_swefm")
stream_2/stream = ExtResource("19_nntld")

[node name="Mayfly" type="Node3D" node_paths=PackedStringArray("skins", "hitboxes", "fists", "jiggle_bones", "sfx_controller", "body_slot", "right_hand_slot")]
script = ExtResource("1_wgll5")
character_team = 3
avatar_big = ExtResource("2_qdmts")
avatar_small = ExtResource("3_ji630")
skins = [NodePath("Model/Armature/GeneralSkeleton/Default"), NodePath("Model/Armature/GeneralSkeleton/Skin1"), NodePath("Model/Armature/GeneralSkeleton/Skin2"), NodePath("Model/Armature/GeneralSkeleton/Skin3")]
is_v2 = true
stat_speed = 3
hitboxes = [NodePath("Model/Armature/GeneralSkeleton/Hitboxes/Head/Area3D"), NodePath("Model/Armature/GeneralSkeleton/Hitboxes/Torso/Area3D"), NodePath("Model/Armature/GeneralSkeleton/Hitboxes/HipL/Area3D"), NodePath("Model/Armature/GeneralSkeleton/Hitboxes/ShinL/Area3D"), NodePath("Model/Armature/GeneralSkeleton/Hitboxes/FootL/Area3D"), NodePath("Model/Armature/GeneralSkeleton/Hitboxes/HipR/Area3D"), NodePath("Model/Armature/GeneralSkeleton/Hitboxes/ShinR/Area3D"), NodePath("Model/Armature/GeneralSkeleton/Hitboxes/FootR/Area3D"), NodePath("Model/Armature/GeneralSkeleton/Hitboxes/BicepL/Area3D"), NodePath("Model/Armature/GeneralSkeleton/Hitboxes/TricepL/Area3D"), NodePath("Model/Armature/GeneralSkeleton/Hitboxes/HandL/Area3D"), NodePath("Model/Armature/GeneralSkeleton/Hitboxes/BicepR/Area3D"), NodePath("Model/Armature/GeneralSkeleton/Hitboxes/TricepR/Area3D"), NodePath("Model/Armature/GeneralSkeleton/Hitboxes/HandR/Area3D")]
fists = [NodePath("Model/Armature/GeneralSkeleton/Fists/HandL/Fist"), NodePath("Model/Armature/GeneralSkeleton/Fists/HandR/Fist")]
jiggle_bones = [NodePath("Model/Armature/GeneralSkeleton/BoobJiggle_L"), NodePath("Model/Armature/GeneralSkeleton/BoobJiggle_R")]
sfx_controller = NodePath("SFX")
gameplay_animation_tree = ExtResource("4_7pwax")
taunt_animation_tree = ExtResource("5_jksom")
body_slot = NodePath("Model/Armature/GeneralSkeleton/Body Slot")
right_hand_slot = NodePath("Model/Armature/GeneralSkeleton/Right Hand Slot")
initial_loadout = ExtResource("5_c1562")

[node name="Model" parent="." instance=ExtResource("1_b1dom")]
transform = Transform3D(-1, 0, -8.742278e-08, 0, 1, 0, 8.742278e-08, 0, -1, 0, 0, 0)

[node name="GeneralSkeleton" parent="Model/Armature" index="0"]
bones/0/position = Vector3(0.78735286, 1.4490994, -0.69233394)
bones/1/position = Vector3(0.3616055, 0.52270776, 0.86747116)
bones/2/position = Vector3(0.11912088, 0.13673346, 0.5506282)
bones/2/rotation = Quaternion(0.70235986, -0.011886622, -0.025782907, 0.71125567)
bones/3/position = Vector3(-0.023641482, 1.4760959, 0.70773524)
bones/3/rotation = Quaternion(0.70710677, -1.3767877e-07, -1.3767877e-07, 0.70710677)
bones/4/position = Vector3(2.209964e-16, 0.6885923, -0.07453714)
bones/4/rotation = Quaternion(-0.13756378, -0.32669085, 0.045598127, 0.93395406)
bones/5/position = Vector3(4.7683755e-09, -1.8077463e-08, -2.0788312e-08)
bones/5/rotation = Quaternion(-0.021785656, 0.21476144, 0.021834863, 0.9761794)
bones/6/rotation = Quaternion(0.073627055, -0.16216122, 0.0462405, 0.9829266)
bones/7/rotation = Quaternion(-0.4057467, 0.33398536, 0.07252213, 0.8476815)
bones/8/rotation = Quaternion(0.92518866, -2.4252589e-07, -1.3509105e-08, -0.37950748)
bones/9/rotation = Quaternion(-0.13659608, 0.6419063, -0.73850006, -0.15464655)
bones/10/rotation = Quaternion(-0.59826434, 0.11143035, 0.03472326, 0.79275304)
bones/11/rotation = Quaternion(0.44407102, 7.915526e-08, 5.4256937e-09, -0.8959917)
bones/12/rotation = Quaternion(0.03228466, 0.48405135, -0.87443644, -0.0036064922)
bones/13/rotation = Quaternion(-1.7881395e-07, 4.6565916e-09, 2.4868996e-14, 1)
bones/15/rotation = Quaternion(0.15189734, -0.012348031, 0.17050478, 0.9735004)
bones/16/rotation = Quaternion(0.027947344, 0.32778051, -0.00787207, 0.9443077)
bones/17/rotation = Quaternion(0.52210146, 0.47981375, 0.48137334, -0.5152363)
bones/18/rotation = Quaternion(-0.22992708, 0.2790189, -0.18174325, 0.91446793)
bones/19/rotation = Quaternion(0.07483739, -0.0038576126, -0.49320662, 0.8666786)
bones/20/rotation = Quaternion(0.18657951, 0.8975081, 0.10102831, 0.38660163)
bones/21/rotation = Quaternion(0.5, 0.5000002, 0.50000006, 0.49999994)
bones/22/position = Vector3(0.23693198, -0.26974306, 0.2553127)
bones/22/rotation = Quaternion(0.22145472, -0.6353435, -0.7302242, 0.11861342)
bones/23/rotation = Quaternion(0.45292735, -0.5492823, -0.53363943, -0.45648098)
bones/24/rotation = Quaternion(-0.325211, -0.3416138, -0.054696508, 0.8800831)
bones/25/rotation = Quaternion(0.1270156, 0.0065467963, 0.83707416, 0.53210074)
bones/26/rotation = Quaternion(-0.0803669, 0.9407078, -0.045810375, -0.32636103)
bones/27/rotation = Quaternion(-0.50000006, 0.5000001, 0.5, -0.49999988)
bones/28/position = Vector3(-0.1191777, -0.20282678, 0.12428233)
bones/28/rotation = Quaternion(0.26912332, 0.6361701, 0.7130613, -0.12001628)
bones/29/rotation = Quaternion(0.4130532, 0.40231863, 0.8167279, 0.021964684)
bones/31/position = Vector3(-0.12218553, 1.1463335, -0.6773648)
bones/32/position = Vector3(-0.120452724, 0.6182733, 0.7926883)
bones/33/position = Vector3(-0.10745136, 0.3481263, 0.09768145)
bones/33/rotation = Quaternion(0.88686967, -0.00019398771, 0.0089088, 0.4619338)

[node name="Mayfly" parent="Model/Armature/GeneralSkeleton" index="0"]
visible = false

[node name="Default" parent="Model/Armature/GeneralSkeleton" index="1" instance=ExtResource("8_icvnh")]
surface_material_override/1 = SubResource("StandardMaterial3D_vtabk")

[node name="Skin1" parent="Model/Armature/GeneralSkeleton" index="2" instance=ExtResource("9_uxa88")]
visible = false

[node name="Skin2" parent="Model/Armature/GeneralSkeleton" index="3" instance=ExtResource("10_r827j")]
visible = false

[node name="Skin3" parent="Model/Armature/GeneralSkeleton" index="4" instance=ExtResource("11_hguf2")]
visible = false

[node name="BoobJiggle_L" type="BoneAttachment3D" parent="Model/Armature/GeneralSkeleton" index="5"]
transform = Transform3D(-0.92210925, -0.19178624, 0.33605438, 0.38686904, -0.44164014, 0.809498, -0.0068355044, 0.8764546, 0.4814366, -0.017869364, 1.1291976, -0.104071766)
bone_name = "Boob.L"
bone_idx = 29
script = ExtResource("3_dhxsf")
properties = SubResource("Resource_qdmts")

[node name="BoobJiggle_R" type="BoneAttachment3D" parent="Model/Armature/GeneralSkeleton" index="6"]
transform = Transform3D(-0.107214786, -0.65571016, -0.7473613, -0.6171739, -0.5454404, 0.5670898, -0.7794876, 0.5220524, -0.34620795, -0.08906187, 1.1132687, -0.15845728)
bone_name = "Boob.R"
bone_idx = 30
script = ExtResource("3_dhxsf")
properties = SubResource("Resource_qdmts")

[node name="Body Slot" type="BoneAttachment3D" parent="Model/Armature/GeneralSkeleton" index="7"]
transform = Transform3D(0.7823878, 0.004708766, -0.62277377, 0.17505477, 0.957994, 0.22716385, 0.5976832, -0.28674975, 0.7486985, -0.033891175, 0.97096765, -0.11287704)
bone_name = "Spine"
bone_idx = 13

[node name="Offset" type="Node3D" parent="Model/Armature/GeneralSkeleton/Body Slot"]
transform = Transform3D(1, 0, 0, 0, 1, 0, 0, 0, 1, -1.3222078e-08, 1.3600232e-15, -0.22738057)

[node name="Right Hand Slot" type="BoneAttachment3D" parent="Model/Armature/GeneralSkeleton" index="8"]
transform = Transform3D(0.2077029, 0.04368595, 0.97721595, 0.96920276, 0.12593374, -0.21162918, -0.13230968, 0.9910764, -0.016183853, -0.2881218, 0.9442655, -0.12856165)
bone_name = "RightHand"
bone_idx = 26

[node name="Offset" type="Node3D" parent="Model/Armature/GeneralSkeleton/Right Hand Slot"]
transform = Transform3D(-4.371139e-08, 1, -4.371139e-08, 0, -4.371139e-08, -1, -1, -4.371139e-08, 1.9106855e-15, 4.678992e-09, 0.08573668, 1.8917469e-10)

[node name="Hitboxes" parent="Model/Armature/GeneralSkeleton" index="9" instance=ExtResource("10_mexmt")]

[node name="Head" parent="Model/Armature/GeneralSkeleton/Hitboxes" index="0"]
transform = Transform3D(0.8961949, -0.44364664, 0.0035357475, 0.4335433, 0.87742186, 0.20535599, -0.09420776, -0.18250613, 0.97868097, -0.059797306, 1.248064, -0.2110339)

[node name="Torso" parent="Model/Armature/GeneralSkeleton/Hitboxes" index="1"]
transform = Transform3D(0.8378502, -0.15735966, -0.5227282, 0.25981677, 0.9570933, 0.1283261, 0.48010635, -0.24333167, 0.84278566, -0.014146092, 0.850874, -0.08234447)

[node name="HipL" parent="Model/Armature/GeneralSkeleton/Hitboxes" index="2"]
transform = Transform3D(0.89495575, -0.24113914, 0.37537444, -0.27182412, 0.37246555, 0.88734496, -0.35378772, -0.89617044, 0.26779276, 0.0658811, 0.72022873, -0.032361127)

[node name="CollisionShape3D" parent="Model/Armature/GeneralSkeleton/Hitboxes/HipL/Area3D" index="0"]
transform = Transform3D(1, 0, 0, 2.98023e-08, 1, 0, 0, -8.9407e-08, 1, -0.0150786, 0.217622, 0.00369769)

[node name="ShinL" parent="Model/Armature/GeneralSkeleton/Hitboxes" index="3"]
transform = Transform3D(0.8949558, -0.09192181, -0.43658262, -0.27182445, -0.88829815, -0.3701864, -0.3537874, 0.44997442, -0.81997424, 0.16740522, 0.5529345, 0.3529949)
bone_name = "LeftLowerLeg"

[node name="CollisionShape3D" parent="Model/Armature/GeneralSkeleton/Hitboxes/ShinL/Area3D" index="0"]
transform = Transform3D(1, -1.49012e-08, 2.98023e-08, 7.45058e-09, 1, 0, 2.98023e-08, -1.49012e-08, 1, -0.00463131, 0.171816, 0.0108838)

[node name="FootL" parent="Model/Armature/GeneralSkeleton/Hitboxes" index="4"]
transform = Transform3D(-0.99838793, 0.045888424, 0.033403236, 0.053373903, 0.5588634, 0.8275404, 0.01930672, 0.8279892, -0.56041175, 0.119120225, 0.1367256, 0.5506358)
bone_name = "LeftFoot"

[node name="CollisionShape3D" parent="Model/Armature/GeneralSkeleton/Hitboxes/FootL/Area3D" index="0"]
transform = Transform3D(1, -1.02073e-06, 9.76026e-07, -5.96046e-08, 1, 2.98023e-07, 2.23517e-08, 2.98023e-08, 1, -0.0117028, 0.0856321, -0.00270143)

[node name="HipR" parent="Model/Armature/GeneralSkeleton/Hitboxes" index="5"]
transform = Transform3D(0.9978378, 0.035844833, 0.05508875, -0.05277013, -0.0626985, 0.99663645, 0.039178252, -0.9973886, -0.060671404, -0.082131185, 0.7057298, -0.065549895)

[node name="CollisionShape3D" parent="Model/Armature/GeneralSkeleton/Hitboxes/HipR/Area3D" index="0"]
transform = Transform3D(1, 0, -5.96046e-08, 0, 1, 1.49012e-08, -2.98023e-08, -2.98023e-08, 1, -0.00926122, 0.20226, 0.0217382)

[node name="ShinR" parent="Model/Armature/GeneralSkeleton/Hitboxes" index="6"]
transform = Transform3D(0.9978378, -0.022130074, 0.06188588, -0.05276999, -0.8310615, 0.5536715, 0.039178185, -0.55574006, -0.8304324, -0.09801455, 0.7257056, 0.36589235)
bone_name = "RightLowerLeg"

[node name="CollisionShape3D" parent="Model/Armature/GeneralSkeleton/Hitboxes/ShinR/Area3D" index="0"]
transform = Transform3D(1, -2.98023e-08, -2.98023e-08, 0, 1, 0, 0, 1.49012e-08, 1, 0.00224671, 0.18338, 0.0280048)

[node name="FootR" parent="Model/Armature/GeneralSkeleton/Hitboxes" index="7"]
transform = Transform3D(-0.99984103, -0.015750825, -0.008338202, -0.007886002, -0.028557837, 0.999561, -0.015982036, 0.99946797, 0.028428972, -0.10745236, 0.3481002, 0.09766069)
bone_name = "RightFoot"

[node name="CollisionShape3D" parent="Model/Armature/GeneralSkeleton/Hitboxes/FootR/Area3D" index="0"]
transform = Transform3D(1, -1.04308e-06, 9.98378e-07, -5.96046e-08, 1, 3.57628e-07, 1.49012e-08, 2.98023e-08, 1, 0.0129449, 0.0689975, 0.00825714)

[node name="BicepL" parent="Model/Armature/GeneralSkeleton/Hitboxes" index="8"]
transform = Transform3D(-0.8243342, 0.5630674, -0.058550637, -0.287146, -0.32675207, 0.90043324, 0.48787302, 0.75907063, 0.43103552, 0.07094882, 1.1530384, -0.11217141)

[node name="TricepL" parent="Model/Armature/GeneralSkeleton/Hitboxes" index="9"]
transform = Transform3D(-0.901029, -0.42924303, -0.062426683, 0.07164106, -0.28921112, 0.9545807, -0.42780176, 0.8556326, 0.2913391, 0.2281073, 1.063148, 0.09029761)

[node name="HandL" parent="Model/Armature/GeneralSkeleton/Hitboxes" index="10"]
transform = Transform3D(0.43263707, -0.64230424, -0.6326691, -0.79114014, 0.06604813, -0.608058, 0.4323449, 0.7635986, -0.47957793, 0.1197162, 0.99233973, 0.2951367)
bone_name = "LeftHand"

[node name="BicepR" parent="Model/Armature/GeneralSkeleton/Hitboxes" index="11"]
transform = Transform3D(0.2704513, -0.54941595, -0.79056823, 0.39489976, -0.68560004, 0.611561, -0.8780151, -0.47759268, 0.031542853, -0.11852151, 1.1193031, -0.23530929)

[node name="TricepR" parent="Model/Armature/GeneralSkeleton/Hitboxes" index="12"]
transform = Transform3D(-0.7615213, -0.11774319, -0.63735527, -0.64464116, 0.035553537, 0.76365817, -0.067255266, 0.99240756, -0.102976814, -0.26410502, 0.933331, -0.36944577)

[node name="HandR" parent="Model/Armature/GeneralSkeleton/Hitboxes" index="13"]
transform = Transform3D(0.2077029, 0.04368595, 0.97721595, 0.96920276, 0.12593374, -0.21162918, -0.13230968, 0.9910764, -0.016183853, -0.2881218, 0.9442655, -0.12856165)
bone_name = "RightHand"

[node name="Fists" parent="Model/Armature/GeneralSkeleton" index="10" instance=ExtResource("11_icvnh")]

[node name="HandL" parent="Model/Armature/GeneralSkeleton/Fists" index="0"]
transform = Transform3D(0.43263707, -0.64230424, -0.6326691, -0.79114014, 0.06604813, -0.608058, 0.4323449, 0.7635986, -0.47957793, 0.1197162, 0.99233973, 0.2951367)
bone_name = "LeftHand"

[node name="HandR" parent="Model/Armature/GeneralSkeleton/Fists" index="1"]
transform = Transform3D(0.2077029, 0.04368595, 0.97721595, 0.96920276, 0.12593374, -0.21162918, -0.13230968, 0.9910764, -0.016183853, -0.2881218, 0.9442655, -0.12856165)
bone_name = "RightHand"

[node name="AnimationPlayer" type="AnimationPlayer" parent="Model"]
root_node = NodePath("../Armature")
libraries = {
&"Lower Body": ExtResource("2_5vh08"),
&"Taunts": ExtResource("3_wgll5"),
&"Upper Body": ExtResource("4_5qxpq")
}

[node name="SFX" type="Node3D" parent="."]
process_mode = 3
script = ExtResource("5_dhxsf")

[node name="Taunts" type="Node3D" parent="SFX"]

[node name="Entrance" type="AudioStreamPlayer3D" parent="SFX/Taunts"]
stream = ExtResource("6_c1562")
volume_db = -15.0
max_db = 0.0
bus = &"Characters"
attenuation_filter_db = 0.0

[node name="Win" type="AudioStreamPlayer3D" parent="SFX/Taunts"]
stream = ExtResource("7_qdmts")
volume_db = -15.0
max_db = 0.0
bus = &"Characters"
attenuation_filter_db = 0.0

[node name="Lose" type="AudioStreamPlayer3D" parent="SFX/Taunts"]
stream = ExtResource("8_ji630")
volume_db = -15.0
max_db = 0.0
bus = &"Characters"
attenuation_filter_db = 0.0

[node name="Common" parent="SFX" instance=ExtResource("9_7pwax")]

[node name="Death" type="AudioStreamPlayer3D" parent="SFX"]
transform = Transform3D(1, 0, 0, 0, 1, 0, 0, 0, 1, 0, 1.49041, 0)
stream = ExtResource("10_jksom")
volume_db = -10.0
max_db = 0.0
pitch_scale = 0.64
bus = &"Characters"
attenuation_filter_db = 0.0

[node name="Hit" type="AudioStreamPlayer3D" parent="SFX"]
transform = Transform3D(1, 0, 0, 0, 1, 0, 0, 0, 1, 0, 1.49041, 0)
stream = SubResource("AudioStreamRandomizer_t3edx")
volume_db = -10.0
max_db = 0.0
pitch_scale = 0.64
bus = &"Characters"
attenuation_filter_db = 0.0

[node name="Pickup" type="AudioStreamPlayer3D" parent="SFX"]
transform = Transform3D(1, 0, 0, 0, 1, 0, 0, 0, 1, 0, 1.49041, 0)
stream = SubResource("AudioStreamRandomizer_40wxv")
volume_db = -10.0
max_db = 0.0
pitch_scale = 0.64
bus = &"Characters"
attenuation_filter_db = 0.0

[node name="Attack" type="AudioStreamPlayer3D" parent="SFX"]
transform = Transform3D(1, 0, 0, 0, 1, 0, 0, 0, 1, 0, 1.49041, 0)
stream = SubResource("AudioStreamRandomizer_vbr5j")
volume_db = -10.0
max_db = 0.0
pitch_scale = 0.64
bus = &"Characters"
attenuation_filter_db = 0.0

[node name="Special 1" type="AudioStreamPlayer3D" parent="SFX"]
transform = Transform3D(1, 0, 0, 0, 1, 0, 0, 0, 1, 0, 1.49041, 0)
stream = ExtResource("20_ijcq6")
volume_db = -10.0
max_db = 0.0
pitch_scale = 0.64
bus = &"Characters"
attenuation_filter_db = 0.0

[node name="Special 2" type="AudioStreamPlayer3D" parent="SFX"]
transform = Transform3D(1, 0, 0, 0, 1, 0, 0, 0, 1, 0, 1.49041, 0)
stream = ExtResource("21_l5512")
volume_db = -10.0
max_db = 0.0
pitch_scale = 0.64
bus = &"Characters"
attenuation_filter_db = 0.0

[node name="Special 3" type="AudioStreamPlayer3D" parent="SFX"]
transform = Transform3D(1, 0, 0, 0, 1, 0, 0, 0, 1, 0, 1.49041, 0)
stream = ExtResource("22_4cc3r")
volume_db = -10.0
max_db = 0.0
pitch_scale = 0.64
bus = &"Characters"
attenuation_filter_db = 0.0

[editable path="Model"]
[editable path="Model/Armature/GeneralSkeleton/Hitboxes"]
[editable path="Model/Armature/GeneralSkeleton/Fists"]
