[gd_scene format=3 uid="uid://djjgfxkdb3yjw"]

[ext_resource type="PackedScene" uid="uid://bebb24qflfntg" path="res://Models/Characters/Mayfly/Mayfly.glb" id="1_b1dom"]
[ext_resource type="Script" uid="uid://b67p4er5pdntl" path="res://Scripts/Characters/CharacterController.gd" id="1_wgll5"]
[ext_resource type="AnimationLibrary" uid="uid://vfmegwigbpp6" path="res://Animations/Libraries/Lower Body.res" id="2_5vh08"]
[ext_resource type="Texture2D" uid="uid://b0g1xv1gbqo2t" path="res://Textures/Characters/Mayfly/Cards/6c34b3ba.png" id="2_qdmts"]
[ext_resource type="Script" uid="uid://0a1jysr3rwqr" path="res://addons/wigglebone/wiggle_bone.gd" id="3_dhxsf"]
[ext_resource type="Texture2D" uid="uid://b4us62c4nw8bf" path="res://Textures/Characters/Mayfly/Cards/fe56c5eb.png" id="3_ji630"]
[ext_resource type="AnimationLibrary" uid="uid://bsjytcm2c8cq4" path="res://Animations/Characters/Mayfly/Taunts.res" id="3_wgll5"]
[ext_resource type="AnimationLibrary" uid="uid://dnhupqy51bnxj" path="res://Animations/Libraries/Upper Body.res" id="4_5qxpq"]
[ext_resource type="PackedScene" uid="uid://cbljabamec4yv" path="res://Prefabs/Characters/Common/GameplayAnimationTreeV2.tscn" id="4_7pwax"]
[ext_resource type="Script" uid="uid://clqr0agw21yiu" path="res://addons/wigglebone/wiggle_properties.gd" id="4_c1562"]
[ext_resource type="Script" uid="uid://bosu3x1t1to4" path="res://Scripts/Characters/CharacterSFXController.gd" id="5_dhxsf"]
[ext_resource type="PackedScene" uid="uid://cnwwwjk7llw03" path="res://Prefabs/Characters/Common/TauntAnimationTree.tscn" id="5_jksom"]
[ext_resource type="AudioStream" uid="uid://caqbht7qwhd8r" path="res://Sound/Characters/Mayfly/Taunts/Entrance.wav" id="6_c1562"]
[ext_resource type="PackedScene" uid="uid://blnck15xqws86" path="res://Prefabs/Weapons/SniperRifle/SniperRifle.tscn" id="6_vtabk"]
[ext_resource type="AudioStream" uid="uid://dur2jfph1faay" path="res://Sound/Characters/Mayfly/Taunts/Win.wav" id="7_qdmts"]
[ext_resource type="PackedScene" uid="uid://e2x4pxle61fa" path="res://Models/Characters/Mayfly/Skins/Default.tscn" id="8_icvnh"]
[ext_resource type="AudioStream" uid="uid://dheiicvawvtyy" path="res://Sound/Characters/Mayfly/Taunts/Lose.wav" id="8_ji630"]
[ext_resource type="PackedScene" uid="uid://blgqvbxjfjr68" path="res://Prefabs/Characters/Common/SFX/Common.tscn" id="9_7pwax"]
[ext_resource type="PackedScene" uid="uid://dh6m3j8i17st7" path="res://Models/Characters/Mayfly/Skins/Skin1.tscn" id="9_uxa88"]
[ext_resource type="Texture2D" uid="uid://dedf31r5e3rwt" path="res://Textures/Characters/Mayfly/Skins/Default/ef72a3db.png" id="9_vtabk"]
[ext_resource type="Texture2D" uid="uid://e368eaqrqnqw" path="res://Textures/Characters/Mayfly/ef72a3db_spec.png" id="10_50vbu"]
[ext_resource type="AudioStream" uid="uid://ufpw410hen6y" path="res://Sound/Characters/Mayfly/Damage/Death.wav" id="10_jksom"]
[ext_resource type="PackedScene" uid="uid://bmuljmi6fxn4h" path="res://Prefabs/Characters/Common/Hitboxes.tscn" id="10_mexmt"]
[ext_resource type="PackedScene" uid="uid://4vlkan0o1phi" path="res://Models/Characters/Mayfly/Skins/Skin2.tscn" id="10_r827j"]
[ext_resource type="AudioStream" uid="uid://dfmu6setfkov2" path="res://Sound/Characters/Mayfly/Damage/Hit 1.wav" id="11_femu6"]
[ext_resource type="PackedScene" uid="uid://b0oixksqvhn7j" path="res://Models/Characters/Mayfly/Skins/Skin3.tscn" id="11_hguf2"]
[ext_resource type="PackedScene" uid="uid://bexuiaqh7fwn0" path="res://Prefabs/Characters/Common/Fists.tscn" id="11_icvnh"]
[ext_resource type="AudioStream" uid="uid://dmrx6y3ujpek5" path="res://Sound/Characters/Mayfly/Damage/Hit 2.wav" id="12_mexmt"]
[ext_resource type="AudioStream" uid="uid://q3abllkjugp6" path="res://Sound/Characters/Mayfly/Damage/Hit 3.wav" id="13_icvnh"]
[ext_resource type="AudioStream" uid="uid://dunkyet5380ap" path="res://Sound/Characters/Mayfly/Pickup/Pickup 1.wav" id="14_uxa88"]
[ext_resource type="AudioStream" uid="uid://cd5rtf68q1psx" path="res://Sound/Characters/Mayfly/Pickup/Pickup 2.wav" id="15_r827j"]
[ext_resource type="AudioStream" uid="uid://cabr1pk1akabc" path="res://Sound/Characters/Mayfly/Pickup/Pickup 3.wav" id="16_hguf2"]
[ext_resource type="AudioStream" uid="uid://bja1heleqytcy" path="res://Sound/Characters/Mayfly/Attacks/Attack 1.wav" id="17_8spsv"]
[ext_resource type="AnimationLibrary" uid="uid://dge8odbv61k4d" path="res://Animations/Libraries/Hit Reactions.res" id="18_50vbu"]
[ext_resource type="AudioStream" uid="uid://bwgia2k52s1ol" path="res://Sound/Characters/Mayfly/Attacks/Attack 2.wav" id="18_swefm"]
[ext_resource type="AudioStream" uid="uid://chuyhvdaw4eiv" path="res://Sound/Characters/Mayfly/Attacks/Attack 3.wav" id="19_nntld"]
[ext_resource type="AudioStream" uid="uid://b3hv8lahvhavx" path="res://Sound/Characters/Mayfly/Specials/Special 1.wav" id="20_ijcq6"]
[ext_resource type="AudioStream" uid="uid://xvrtauyxmkuq" path="res://Sound/Characters/Mayfly/Specials/Special 2.wav" id="21_l5512"]
[ext_resource type="AudioStream" uid="uid://d7lbvw0h2m3l" path="res://Sound/Characters/Mayfly/Specials/Special 3.wav" id="22_4cc3r"]

[sub_resource type="StandardMaterial3D" id="StandardMaterial3D_50vbu"]
resource_local_to_scene = true
albedo_texture = ExtResource("9_vtabk")
ao_enabled = true
ao_texture = ExtResource("10_50vbu")

[sub_resource type="Resource" id="Resource_qdmts"]
script = ExtResource("4_c1562")
stiffness = 0.2
damping = 0.5
length = 0.2

[sub_resource type="Animation" id="Animation_k765d"]
length = 0.001
tracks/0/type = "position_3d"
tracks/0/imported = false
tracks/0/enabled = true
tracks/0/path = NodePath("%GeneralSkeleton")
tracks/0/interp = 1
tracks/0/loop_wrap = true
tracks/0/keys = PackedFloat32Array(0, 1, 0, 0, 0)

[sub_resource type="AnimationLibrary" id="AnimationLibrary_76jkn"]
_data = {
&"RESET": SubResource("Animation_k765d")
}

[sub_resource type="AudioStreamRandomizer" id="AudioStreamRandomizer_t3edx"]
streams_count = 3
stream_0/stream = ExtResource("11_femu6")
stream_1/stream = ExtResource("12_mexmt")
stream_2/stream = ExtResource("13_icvnh")

[sub_resource type="AudioStreamRandomizer" id="AudioStreamRandomizer_40wxv"]
streams_count = 3
stream_0/stream = ExtResource("14_uxa88")
stream_1/stream = ExtResource("15_r827j")
stream_2/stream = ExtResource("16_hguf2")

[sub_resource type="AudioStreamRandomizer" id="AudioStreamRandomizer_vbr5j"]
streams_count = 3
stream_0/stream = ExtResource("17_8spsv")
stream_1/stream = ExtResource("18_swefm")
stream_2/stream = ExtResource("19_nntld")

[node name="Mayfly" type="Node3D" unique_id=1923316814 node_paths=PackedStringArray("skins", "hitboxes", "fists", "jiggle_bones", "sfx_controller", "body_slot", "right_hand_slot")]
script = ExtResource("1_wgll5")
character_team = 3
avatar_big = ExtResource("2_qdmts")
avatar_small = ExtResource("3_ji630")
skins = [NodePath("Model/Armature/GeneralSkeleton/Default"), NodePath("Model/Armature/GeneralSkeleton/Skin1"), NodePath("Model/Armature/GeneralSkeleton/Skin2"), NodePath("Model/Armature/GeneralSkeleton/Skin3")]
stat_speed = 3
hitboxes = [NodePath("Model/Armature/GeneralSkeleton/Hitboxes/Head/Area3D"), NodePath("Model/Armature/GeneralSkeleton/Hitboxes/Torso/Area3D"), NodePath("Model/Armature/GeneralSkeleton/Hitboxes/HipL/Area3D"), NodePath("Model/Armature/GeneralSkeleton/Hitboxes/ShinL/Area3D"), NodePath("Model/Armature/GeneralSkeleton/Hitboxes/FootL/Area3D"), NodePath("Model/Armature/GeneralSkeleton/Hitboxes/HipR/Area3D"), NodePath("Model/Armature/GeneralSkeleton/Hitboxes/ShinR/Area3D"), NodePath("Model/Armature/GeneralSkeleton/Hitboxes/FootR/Area3D"), NodePath("Model/Armature/GeneralSkeleton/Hitboxes/BicepL/Area3D"), NodePath("Model/Armature/GeneralSkeleton/Hitboxes/TricepL/Area3D"), NodePath("Model/Armature/GeneralSkeleton/Hitboxes/HandL/Area3D"), NodePath("Model/Armature/GeneralSkeleton/Hitboxes/BicepR/Area3D"), NodePath("Model/Armature/GeneralSkeleton/Hitboxes/TricepR/Area3D"), NodePath("Model/Armature/GeneralSkeleton/Hitboxes/HandR/Area3D")]
fists = [NodePath("Model/Armature/GeneralSkeleton/Fists/HandL/Fist"), NodePath("Model/Armature/GeneralSkeleton/Fists/HandR/Fist")]
jiggle_bones = [NodePath("Model/Armature/GeneralSkeleton/BoobJiggle_L"), NodePath("Model/Armature/GeneralSkeleton/BoobJiggle_R")]
sfx_controller = NodePath("SFX")
gameplay_animation_tree = ExtResource("4_7pwax")
taunt_animation_tree = ExtResource("5_jksom")
body_slot = NodePath("Model/Armature/GeneralSkeleton/Body Slot")
right_hand_slot = NodePath("Model/Armature/GeneralSkeleton/Right Hand Slot")
initial_loadout = ExtResource("6_vtabk")

[node name="Model" parent="." unique_id=289208743 instance=ExtResource("1_b1dom")]
transform = Transform3D(-1, 0, -8.742278e-08, 0, 1, 0, 8.742278e-08, 0, -1, 0, 0, 0)

[node name="GeneralSkeleton" parent="Model/Armature" index="0"]
bones/0/position = Vector3(0.78735286, 1.4490994, -0.69233394)
bones/1/position = Vector3(0.37781146, 0.46276674, 0.75539386)
bones/2/position = Vector3(0.24132046, 0.114338264, 0.15052952)
bones/2/rotation = Quaternion(0.87769055, -0.036035202, 0.06684247, 0.4731732)
bones/3/position = Vector3(-0.023641482, 1.4760959, 0.70773524)
bones/3/rotation = Quaternion(0.70710677, -1.3767877e-07, -1.3767877e-07, 0.70710677)
bones/4/position = Vector3(0.008759617, 0.9181989, -0.08845483)
bones/4/rotation = Quaternion(0.015030837, -0.26293942, -0.0039672744, 0.9646871)
bones/5/rotation = Quaternion(0.10244587, -0.009834376, -0.009410609, 0.9946455)
bones/6/rotation = Quaternion(0.081008755, -0.005741078, -0.0047653653, 0.99668556)
bones/7/rotation = Quaternion(-0.4342528, 0.10537185, 0.13187793, 0.8848331)
bones/8/rotation = Quaternion(0.91891056, 0.013088474, -0.008155617, -0.39416438)
bones/9/rotation = Quaternion(-0.06555115, 0.6658398, -0.73975015, 0.07162459)
bones/10/rotation = Quaternion(-0.2932777, -0.0901054, -0.066923544, 0.9494159)
bones/11/rotation = Quaternion(0.8909177, -0.010427632, 0.0027915428, -0.4540365)
bones/12/rotation = Quaternion(0.05592859, 0.5020821, -0.8607976, -0.061752226)
bones/13/position = Vector3(0.004252238, 0.25968137, 0.12561122)
bones/13/rotation = Quaternion(0.20816702, -0.020855334, -0.019227352, 0.9776819)
bones/15/rotation = Quaternion(-0.020451697, 0.018223708, 0.021195099, 0.9994)
bones/16/rotation = Quaternion(-0.061024696, 0.11634314, -0.004658592, 0.9913216)
bones/17/position = Vector3(0.04162254, 0.17534235, -0.017856954)
bones/17/rotation = Quaternion(0.412695, 0.5467563, 0.62369484, -0.37649077)
bones/18/rotation = Quaternion(-0.15720846, -0.5748528, -0.2308825, 0.7691054)
bones/19/rotation = Quaternion(1.169741e-06, -1.7583368e-06, -0.78115386, 0.6243386)
bones/20/rotation = Quaternion(0.24317384, 0.9652695, 0.0040386766, -0.0954196)
bones/21/rotation = Quaternion(0.49999997, 0.5000002, 0.50000006, 0.49999988)
bones/22/position = Vector3(0.23693198, -0.26974303, 0.2553127)
bones/22/rotation = Quaternion(0.2214547, -0.63534343, -0.7302242, 0.11861348)
bones/23/position = Vector3(-0.04162253, 0.17534241, -0.017856922)
bones/23/rotation = Quaternion(0.43702888, -0.55323154, -0.50668526, -0.49619624)
bones/24/rotation = Quaternion(-0.38204738, 0.38188812, 0.3882247, 0.74664783)
bones/25/rotation = Quaternion(9.462236e-07, 6.5565104e-07, 0.84294754, 0.5379959)
bones/26/rotation = Quaternion(-0.1303077, 0.9809723, -0.14243497, -0.02062996)
bones/27/rotation = Quaternion(-0.50000006, 0.5000001, 0.5, -0.49999988)
bones/28/position = Vector3(-0.11917776, -0.20282686, 0.124282345)
bones/28/rotation = Quaternion(0.26912332, 0.63617015, 0.7130613, -0.12001619)
bones/29/rotation = Quaternion(0.4130531, 0.40231863, 0.8167279, 0.021964481)
bones/31/position = Vector3(-0.12218553, 1.1463335, -0.6773648)
bones/32/position = Vector3(-0.71280444, 0.7498064, 0.46694574)
bones/33/position = Vector3(-0.19966458, 0.11433827, -0.23608808)
bones/33/rotation = Quaternion(0.86305946, -0.09327893, 0.17302284, 0.4652854)

[node name="Mayfly" parent="Model/Armature/GeneralSkeleton" index="0"]
visible = false

[node name="Default" parent="Model/Armature/GeneralSkeleton" index="1" unique_id=1951877582 instance=ExtResource("8_icvnh")]
surface_material_override/1 = SubResource("StandardMaterial3D_50vbu")

[node name="Skin1" parent="Model/Armature/GeneralSkeleton" index="2" unique_id=525841906 instance=ExtResource("9_uxa88")]
visible = false

[node name="Skin2" parent="Model/Armature/GeneralSkeleton" index="3" unique_id=1677898456 instance=ExtResource("10_r827j")]
visible = false

[node name="Skin3" parent="Model/Armature/GeneralSkeleton" index="4" unique_id=1181546043 instance=ExtResource("11_hguf2")]
visible = false

[node name="BoobJiggle_L" type="BoneAttachment3D" parent="Model/Armature/GeneralSkeleton" index="5" unique_id=1432692266]
transform = Transform3D(-0.95386684, 0.032225963, 0.29849535, 0.09048658, -0.91713417, 0.38817275, 0.28626922, 0.39727497, 0.8719078, -0.056616783, 1.2917901, 0.13739122)
bone_name = "Boob.L"
bone_idx = 29
script = ExtResource("3_dhxsf")
properties = SubResource("Resource_qdmts")

[node name="BoobJiggle_R" type="BoneAttachment3D" parent="Model/Armature/GeneralSkeleton" index="6" unique_id=1539331674]
transform = Transform3D(-0.15610549, -0.46804705, -0.8698062, -0.008033274, -0.8799715, 0.47495866, -0.9877075, 0.081131056, 0.13360833, -0.13338727, 1.297493, 0.088876694)
bone_name = "Boob.R"
bone_idx = 30
script = ExtResource("3_dhxsf")
properties = SubResource("Resource_qdmts")

[node name="Body Slot" type="BoneAttachment3D" parent="Model/Armature/GeneralSkeleton" index="7" unique_id=66283398]
transform = Transform3D(0.84368825, -0.18226494, -0.5049451, -0.0626727, 0.9007261, -0.42984274, 0.5331624, 0.39429957, 0.748509, -0.051379807, 1.1743078, 0.029960081)
bone_name = "Spine"
bone_idx = 13

[node name="Offset" type="Node3D" parent="Model/Armature/GeneralSkeleton/Body Slot" unique_id=757756044]
transform = Transform3D(1, 0, 0, 0, 1, 0, 0, 0, 1, -1.3222078e-08, 1.3600232e-15, -0.22738057)

[node name="Right Hand Slot" type="BoneAttachment3D" parent="Model/Armature/GeneralSkeleton" index="8" unique_id=447488411]
transform = Transform3D(0.45903277, 0.64615417, 0.6097322, 0.1518606, 0.6191429, -0.7704546, -0.8753439, 0.4462582, 0.18608128, -0.2819618, 1.3675191, 0.2820856)
bone_name = "RightHand"
bone_idx = 26

[node name="Offset" type="Node3D" parent="Model/Armature/GeneralSkeleton/Right Hand Slot" unique_id=625884742]
transform = Transform3D(-4.371139e-08, 1, -4.371139e-08, 0, -4.371139e-08, -1, -1, -4.371139e-08, 1.9106855e-15, 4.678992e-09, 0.08573668, 1.8917469e-10)

[node name="Hitboxes" parent="Model/Armature/GeneralSkeleton" index="9" unique_id=1583919959 instance=ExtResource("10_mexmt")]

[node name="Head" parent="Model/Armature/GeneralSkeleton/Hitboxes" index="0"]
transform = Transform3D(0.94596744, -0.14200895, -0.2915114, 0.06028628, 0.96035033, -0.27220017, 0.31860787, 0.23991844, 0.91702133, -0.097506806, 1.4577886, 0.12894686)

[node name="Torso" parent="Model/Armature/GeneralSkeleton/Hitboxes" index="1"]
transform = Transform3D(0.84777087, -0.16408779, -0.50434095, -0.049342014, 0.92240953, -0.38304815, 0.5280625, 0.34962225, 0.77389556, -0.0306749, 1.0579165, -0.014155909)

[node name="HipL" parent="Model/Armature/GeneralSkeleton/Hitboxes" index="2"]
transform = Transform3D(0.94623935, 0.052066118, -0.31924936, 0.17240757, 0.75390255, 0.63396096, 0.27369082, -0.65491986, 0.7043958, 0.055258114, 0.92164236, -0.018126816)

[node name="CollisionShape3D" parent="Model/Armature/GeneralSkeleton/Hitboxes/HipL/Area3D" index="0"]
transform = Transform3D(1, 0, 0, 2.98023e-08, 1, 0, 0, -8.9407e-08, 1, -0.015078609, -0.19541714, 0.0036977308)

[node name="ShinL" parent="Model/Armature/GeneralSkeleton/Hitboxes" index="3"]
transform = Transform3D(0.9488675, 0.21214128, 0.23376587, 0.19234626, -0.97572356, 0.10472044, 0.25030643, -0.054401875, -0.96663713, 0.035038657, 0.5913248, 0.25985736)
bone_name = "LeftLowerLeg"

[node name="CollisionShape3D" parent="Model/Armature/GeneralSkeleton/Hitboxes/ShinL/Area3D" index="0"]
transform = Transform3D(1, -1.49012e-08, 2.98023e-08, 7.45058e-09, 1, 0, 2.98023e-08, -1.49012e-08, 1, -0.00463131, 0.171816, 0.0108838)

[node name="FootL" parent="Model/Armature/GeneralSkeleton/Hitboxes" index="4"]
transform = Transform3D(-0.9716017, -0.23662181, 1.757592e-05, 1.8043313e-05, 3.7252903e-07, 0.9999999, -0.2366218, 0.9716019, 3.8817525e-06, 0.13634014, 0.14084893, 0.22200644)
bone_name = "LeftFoot"

[node name="CollisionShape3D" parent="Model/Armature/GeneralSkeleton/Hitboxes/FootL/Area3D" index="0"]
transform = Transform3D(1, -1.02073e-06, 9.76026e-07, -5.96046e-08, 1, 2.98023e-07, 2.23517e-08, 2.98023e-08, 1, -0.0117028, 0.0856321, -0.00270143)

[node name="HipR" parent="Model/Armature/GeneralSkeleton/Hitboxes" index="5"]
transform = Transform3D(0.7292256, 0.36085808, -0.5813875, -0.15629816, 0.9150211, 0.37189674, 0.6661839, -0.18032682, 0.7236583, -0.07463453, 0.92724276, -0.0975994)

[node name="CollisionShape3D" parent="Model/Armature/GeneralSkeleton/Hitboxes/HipR/Area3D" index="0"]
transform = Transform3D(1.0000001, -5.2154064e-08, -5.9604645e-08, -2.2351742e-08, 1.0000013, 1.3411045e-07, 0, -1.0430813e-07, 1, -0.009261218, -0.16294238, 0.021738205)

[node name="ShinR" parent="Model/Armature/GeneralSkeleton/Hitboxes" index="6"]
transform = Transform3D(0.7240493, 0.24668781, 0.64412546, -0.1772543, -0.8359456, 0.5193995, 0.6665835, -0.49024498, -0.5615394, -0.22642222, 0.52917165, -0.02484221)
bone_name = "RightLowerLeg"

[node name="CollisionShape3D" parent="Model/Armature/GeneralSkeleton/Hitboxes/ShinR/Area3D" index="0"]
transform = Transform3D(1, -2.98023e-08, -2.98023e-08, 0, 1, 0, 0, 1.49012e-08, 1, 0.00224671, 0.18338, 0.0280048)

[node name="FootR" parent="Model/Armature/GeneralSkeleton/Hitboxes" index="7"]
transform = Transform3D(-0.695996, -0.71796453, -0.010797113, 0.021170823, -0.035548657, 0.99914384, -0.7177336, 0.69517154, 0.0399417, -0.10374899, 0.14885563, -0.25922272)
bone_name = "RightFoot"

[node name="CollisionShape3D" parent="Model/Armature/GeneralSkeleton/Hitboxes/FootR/Area3D" index="0"]
transform = Transform3D(1, -1.04308e-06, 9.98378e-07, -5.96046e-08, 1, 3.57628e-07, 1.49012e-08, 2.98023e-08, 1, 0.0129449, 0.0689975, 0.00825714)

[node name="BicepL" parent="Model/Armature/GeneralSkeleton/Hitboxes" index="8"]
transform = Transform3D(-0.40790075, 0.093951814, 0.9081795, 0.78973496, -0.46286404, 0.4025861, 0.4581874, 0.8814363, 0.1146054, 0.005352009, 1.3136764, 0.16057372)

[node name="TricepL" parent="Model/Armature/GeneralSkeleton/Hitboxes" index="9"]
transform = Transform3D(-0.0017387653, -0.41857344, 0.9081813, 0.2774223, 0.8723326, 0.40258232, -0.9607464, 0.25264978, 0.11460469, 0.030280942, 1.1829122, 0.3973269)

[node name="HandL" parent="Model/Armature/GeneralSkeleton/Hitboxes" index="10"]
transform = Transform3D(-0.025596902, -0.40493912, -0.91398525, 0.24424028, 0.8840437, -0.39851376, 0.9693767, -0.23343275, 0.0762738, -0.0721789, 1.3951676, 0.45363966)
bone_name = "LeftHand"

[node name="BicepR" parent="Model/Armature/GeneralSkeleton/Hitboxes" index="11"]
transform = Transform3D(-0.022266254, -0.6873894, -0.72594744, -0.5555134, -0.5952068, 0.58063185, -0.83120924, 0.41620213, -0.3686008, -0.17617735, 1.3499235, 0.0351283)

[node name="TricepR" parent="Model/Armature/GeneralSkeleton/Hitboxes" index="12"]
transform = Transform3D(-0.61408913, 0.30966806, -0.72594756, -0.30591646, 0.75450844, 0.58063054, 0.72753644, 0.5786383, -0.36860266, -0.36086512, 1.1838722, 0.14508349)

[node name="HandR" parent="Model/Armature/GeneralSkeleton/Hitboxes" index="13"]
transform = Transform3D(0.45903277, 0.64615417, 0.6097322, 0.1518606, 0.6191429, -0.7704546, -0.8753439, 0.4462582, 0.18608128, -0.2819618, 1.3675191, 0.2820856)
bone_name = "RightHand"

[node name="Fists" parent="Model/Armature/GeneralSkeleton" index="10" unique_id=1095008109 instance=ExtResource("11_icvnh")]

[node name="HandL" parent="Model/Armature/GeneralSkeleton/Fists" index="0" unique_id=1272063757]
transform = Transform3D(-0.025596902, -0.40493912, -0.91398525, 0.24424028, 0.8840437, -0.39851376, 0.9693767, -0.23343275, 0.0762738, -0.0721789, 1.3951676, 0.45363966)
bone_name = "LeftHand"

[node name="HandR" parent="Model/Armature/GeneralSkeleton/Fists" index="1" unique_id=415397566]
transform = Transform3D(0.45903277, 0.64615417, 0.6097322, 0.1518606, 0.6191429, -0.7704546, -0.8753439, 0.4462582, 0.18608128, -0.2819618, 1.3675191, 0.2820856)
bone_name = "RightHand"

[node name="AnimationPlayer" type="AnimationPlayer" parent="Model" unique_id=506883807]
root_node = NodePath("../Armature")
libraries/ = SubResource("AnimationLibrary_76jkn")
"libraries/Hit Reactions" = ExtResource("18_50vbu")
"libraries/Lower Body" = ExtResource("2_5vh08")
libraries/Taunts = ExtResource("3_wgll5")
"libraries/Upper Body" = ExtResource("4_5qxpq")

[node name="SFX" type="Node3D" parent="." unique_id=367443211]
process_mode = 3
script = ExtResource("5_dhxsf")

[node name="Taunts" type="Node3D" parent="SFX" unique_id=1267255425]

[node name="Entrance" type="AudioStreamPlayer3D" parent="SFX/Taunts" unique_id=249791868]
stream = ExtResource("6_c1562")
volume_db = -15.0
max_db = 0.0
bus = &"Characters"
attenuation_filter_db = 0.0

[node name="Win" type="AudioStreamPlayer3D" parent="SFX/Taunts" unique_id=219285930]
stream = ExtResource("7_qdmts")
volume_db = -15.0
max_db = 0.0
bus = &"Characters"
attenuation_filter_db = 0.0

[node name="Lose" type="AudioStreamPlayer3D" parent="SFX/Taunts" unique_id=194963304]
stream = ExtResource("8_ji630")
volume_db = -15.0
max_db = 0.0
bus = &"Characters"
attenuation_filter_db = 0.0

[node name="Common" parent="SFX" unique_id=1719745336 instance=ExtResource("9_7pwax")]

[node name="Death" type="AudioStreamPlayer3D" parent="SFX" unique_id=1895914205]
transform = Transform3D(1, 0, 0, 0, 1, 0, 0, 0, 1, 0, 1.49041, 0)
stream = ExtResource("10_jksom")
volume_db = -10.0
max_db = 0.0
pitch_scale = 0.64
bus = &"Characters"
attenuation_filter_db = 0.0

[node name="Hit" type="AudioStreamPlayer3D" parent="SFX" unique_id=899509635]
transform = Transform3D(1, 0, 0, 0, 1, 0, 0, 0, 1, 0, 1.49041, 0)
stream = SubResource("AudioStreamRandomizer_t3edx")
volume_db = -10.0
max_db = 0.0
pitch_scale = 0.64
bus = &"Characters"
attenuation_filter_db = 0.0

[node name="Pickup" type="AudioStreamPlayer3D" parent="SFX" unique_id=557487958]
transform = Transform3D(1, 0, 0, 0, 1, 0, 0, 0, 1, 0, 1.49041, 0)
stream = SubResource("AudioStreamRandomizer_40wxv")
volume_db = -10.0
max_db = 0.0
pitch_scale = 0.64
bus = &"Characters"
attenuation_filter_db = 0.0

[node name="Attack" type="AudioStreamPlayer3D" parent="SFX" unique_id=1600355418]
transform = Transform3D(1, 0, 0, 0, 1, 0, 0, 0, 1, 0, 1.49041, 0)
stream = SubResource("AudioStreamRandomizer_vbr5j")
volume_db = -10.0
max_db = 0.0
pitch_scale = 0.64
bus = &"Characters"
attenuation_filter_db = 0.0

[node name="Special 1" type="AudioStreamPlayer3D" parent="SFX" unique_id=1986593535]
transform = Transform3D(1, 0, 0, 0, 1, 0, 0, 0, 1, 0, 1.49041, 0)
stream = ExtResource("20_ijcq6")
volume_db = -10.0
max_db = 0.0
pitch_scale = 0.64
bus = &"Characters"
attenuation_filter_db = 0.0

[node name="Special 2" type="AudioStreamPlayer3D" parent="SFX" unique_id=952694331]
transform = Transform3D(1, 0, 0, 0, 1, 0, 0, 0, 1, 0, 1.49041, 0)
stream = ExtResource("21_l5512")
volume_db = -10.0
max_db = 0.0
pitch_scale = 0.64
bus = &"Characters"
attenuation_filter_db = 0.0

[node name="Special 3" type="AudioStreamPlayer3D" parent="SFX" unique_id=226006209]
transform = Transform3D(1, 0, 0, 0, 1, 0, 0, 0, 1, 0, 1.49041, 0)
stream = ExtResource("22_4cc3r")
volume_db = -10.0
max_db = 0.0
pitch_scale = 0.64
bus = &"Characters"
attenuation_filter_db = 0.0

[editable path="Model"]
[editable path="Model/Armature/GeneralSkeleton/Hitboxes"]
[editable path="Model/Armature/GeneralSkeleton/Fists"]
