[gd_scene format=3 uid="uid://djjgfxkdb3yjw"]

[ext_resource type="PackedScene" uid="uid://bebb24qflfntg" path="res://Models/Characters/Mayfly/Mayfly.glb" id="1_b1dom"]
[ext_resource type="Script" uid="uid://b67p4er5pdntl" path="res://Scripts/Characters/CharacterController.gd" id="1_wgll5"]
[ext_resource type="AnimationLibrary" uid="uid://vfmegwigbpp6" path="res://Animations/Libraries/Lower Body.res" id="2_5vh08"]
[ext_resource type="Texture2D" uid="uid://b0g1xv1gbqo2t" path="res://Textures/Characters/Mayfly/Cards/6c34b3ba.png" id="2_qdmts"]
[ext_resource type="Script" uid="uid://0a1jysr3rwqr" path="res://addons/wigglebone/wiggle_bone.gd" id="3_dhxsf"]
[ext_resource type="Texture2D" uid="uid://b4us62c4nw8bf" path="res://Textures/Characters/Mayfly/Cards/fe56c5eb.png" id="3_ji630"]
[ext_resource type="AnimationLibrary" uid="uid://bsjytcm2c8cq4" path="res://Animations/Characters/Mayfly/Taunts.res" id="3_wgll5"]
[ext_resource type="AnimationLibrary" uid="uid://dnhupqy51bnxj" path="res://Animations/Libraries/Upper Body.res" id="4_5qxpq"]
[ext_resource type="PackedScene" uid="uid://cbljabamec4yv" path="res://Prefabs/Characters/Common/GameplayAnimationTreeV2.tscn" id="4_7pwax"]
[ext_resource type="Script" uid="uid://clqr0agw21yiu" path="res://addons/wigglebone/wiggle_properties.gd" id="4_c1562"]
[ext_resource type="Script" uid="uid://bosu3x1t1to4" path="res://Scripts/Characters/CharacterSFXController.gd" id="5_dhxsf"]
[ext_resource type="PackedScene" uid="uid://cnwwwjk7llw03" path="res://Prefabs/Characters/Common/TauntAnimationTree.tscn" id="5_jksom"]
[ext_resource type="AudioStream" uid="uid://caqbht7qwhd8r" path="res://Sound/Characters/Mayfly/Taunts/Entrance.wav" id="6_c1562"]
[ext_resource type="PackedScene" uid="uid://blnck15xqws86" path="res://Prefabs/Weapons/SniperRifle/SniperRifle.tscn" id="6_vtabk"]
[ext_resource type="AudioStream" uid="uid://dur2jfph1faay" path="res://Sound/Characters/Mayfly/Taunts/Win.wav" id="7_qdmts"]
[ext_resource type="PackedScene" uid="uid://e2x4pxle61fa" path="res://Models/Characters/Mayfly/Skins/Default.tscn" id="8_icvnh"]
[ext_resource type="AudioStream" uid="uid://dheiicvawvtyy" path="res://Sound/Characters/Mayfly/Taunts/Lose.wav" id="8_ji630"]
[ext_resource type="PackedScene" uid="uid://blgqvbxjfjr68" path="res://Prefabs/Characters/Common/SFX/Common.tscn" id="9_7pwax"]
[ext_resource type="PackedScene" uid="uid://dh6m3j8i17st7" path="res://Models/Characters/Mayfly/Skins/Skin1.tscn" id="9_uxa88"]
[ext_resource type="Texture2D" uid="uid://dedf31r5e3rwt" path="res://Textures/Characters/Mayfly/Skins/Default/ef72a3db.png" id="9_vtabk"]
[ext_resource type="Texture2D" uid="uid://e368eaqrqnqw" path="res://Textures/Characters/Mayfly/ef72a3db_spec.png" id="10_50vbu"]
[ext_resource type="AudioStream" uid="uid://ufpw410hen6y" path="res://Sound/Characters/Mayfly/Damage/Death.wav" id="10_jksom"]
[ext_resource type="PackedScene" uid="uid://bmuljmi6fxn4h" path="res://Prefabs/Characters/Common/Hitboxes.tscn" id="10_mexmt"]
[ext_resource type="PackedScene" uid="uid://4vlkan0o1phi" path="res://Models/Characters/Mayfly/Skins/Skin2.tscn" id="10_r827j"]
[ext_resource type="AudioStream" uid="uid://dfmu6setfkov2" path="res://Sound/Characters/Mayfly/Damage/Hit 1.wav" id="11_femu6"]
[ext_resource type="PackedScene" uid="uid://b0oixksqvhn7j" path="res://Models/Characters/Mayfly/Skins/Skin3.tscn" id="11_hguf2"]
[ext_resource type="PackedScene" uid="uid://bexuiaqh7fwn0" path="res://Prefabs/Characters/Common/Fists.tscn" id="11_icvnh"]
[ext_resource type="AudioStream" uid="uid://dmrx6y3ujpek5" path="res://Sound/Characters/Mayfly/Damage/Hit 2.wav" id="12_mexmt"]
[ext_resource type="AudioStream" uid="uid://q3abllkjugp6" path="res://Sound/Characters/Mayfly/Damage/Hit 3.wav" id="13_icvnh"]
[ext_resource type="AudioStream" uid="uid://dunkyet5380ap" path="res://Sound/Characters/Mayfly/Pickup/Pickup 1.wav" id="14_uxa88"]
[ext_resource type="AudioStream" uid="uid://cd5rtf68q1psx" path="res://Sound/Characters/Mayfly/Pickup/Pickup 2.wav" id="15_r827j"]
[ext_resource type="AudioStream" uid="uid://cabr1pk1akabc" path="res://Sound/Characters/Mayfly/Pickup/Pickup 3.wav" id="16_hguf2"]
[ext_resource type="AudioStream" uid="uid://bja1heleqytcy" path="res://Sound/Characters/Mayfly/Attacks/Attack 1.wav" id="17_8spsv"]
[ext_resource type="AnimationLibrary" uid="uid://dge8odbv61k4d" path="res://Animations/Libraries/Hit Reactions.res" id="18_50vbu"]
[ext_resource type="AudioStream" uid="uid://bwgia2k52s1ol" path="res://Sound/Characters/Mayfly/Attacks/Attack 2.wav" id="18_swefm"]
[ext_resource type="AudioStream" uid="uid://chuyhvdaw4eiv" path="res://Sound/Characters/Mayfly/Attacks/Attack 3.wav" id="19_nntld"]
[ext_resource type="AudioStream" uid="uid://b3hv8lahvhavx" path="res://Sound/Characters/Mayfly/Specials/Special 1.wav" id="20_ijcq6"]
[ext_resource type="AudioStream" uid="uid://xvrtauyxmkuq" path="res://Sound/Characters/Mayfly/Specials/Special 2.wav" id="21_l5512"]
[ext_resource type="AudioStream" uid="uid://d7lbvw0h2m3l" path="res://Sound/Characters/Mayfly/Specials/Special 3.wav" id="22_4cc3r"]

[sub_resource type="StandardMaterial3D" id="StandardMaterial3D_50vbu"]
resource_local_to_scene = true
albedo_texture = ExtResource("9_vtabk")
ao_enabled = true
ao_texture = ExtResource("10_50vbu")

[sub_resource type="Resource" id="Resource_qdmts"]
script = ExtResource("4_c1562")
stiffness = 0.2
damping = 0.5
length = 0.2

[sub_resource type="Animation" id="Animation_k765d"]
length = 0.001
tracks/0/type = "position_3d"
tracks/0/imported = false
tracks/0/enabled = true
tracks/0/path = NodePath("%GeneralSkeleton")
tracks/0/interp = 1
tracks/0/loop_wrap = true
tracks/0/keys = PackedFloat32Array(0, 1, 0, 0, 0)
tracks/1/type = "value"
tracks/1/imported = false
tracks/1/enabled = true
tracks/1/path = NodePath("../../SFX/Common/Dash Loop:playing")
tracks/1/interp = 1
tracks/1/loop_wrap = true
tracks/1/keys = {
"times": PackedFloat32Array(0),
"transitions": PackedFloat32Array(1),
"update": 1,
"values": [false]
}
tracks/2/type = "value"
tracks/2/imported = false
tracks/2/enabled = true
tracks/2/path = NodePath("../../SFX/Special 3:playing")
tracks/2/interp = 1
tracks/2/loop_wrap = true
tracks/2/keys = {
"times": PackedFloat32Array(0),
"transitions": PackedFloat32Array(1),
"update": 1,
"values": [false]
}
tracks/3/type = "value"
tracks/3/imported = false
tracks/3/enabled = true
tracks/3/path = NodePath("../../SFX/Special 2:playing")
tracks/3/interp = 1
tracks/3/loop_wrap = true
tracks/3/keys = {
"times": PackedFloat32Array(0),
"transitions": PackedFloat32Array(1),
"update": 1,
"values": [false]
}
tracks/4/type = "value"
tracks/4/imported = false
tracks/4/enabled = true
tracks/4/path = NodePath("../../SFX/Attack:playing")
tracks/4/interp = 1
tracks/4/loop_wrap = true
tracks/4/keys = {
"times": PackedFloat32Array(0),
"transitions": PackedFloat32Array(1),
"update": 1,
"values": [false]
}

[sub_resource type="AnimationLibrary" id="AnimationLibrary_76jkn"]
_data = {
&"RESET": SubResource("Animation_k765d")
}

[sub_resource type="AudioStreamRandomizer" id="AudioStreamRandomizer_t3edx"]
streams_count = 3
stream_0/stream = ExtResource("11_femu6")
stream_1/stream = ExtResource("12_mexmt")
stream_2/stream = ExtResource("13_icvnh")

[sub_resource type="AudioStreamRandomizer" id="AudioStreamRandomizer_40wxv"]
streams_count = 3
stream_0/stream = ExtResource("14_uxa88")
stream_1/stream = ExtResource("15_r827j")
stream_2/stream = ExtResource("16_hguf2")

[sub_resource type="AudioStreamRandomizer" id="AudioStreamRandomizer_vbr5j"]
streams_count = 3
stream_0/stream = ExtResource("17_8spsv")
stream_1/stream = ExtResource("18_swefm")
stream_2/stream = ExtResource("19_nntld")

[node name="Mayfly" type="Node3D" unique_id=1923316814 node_paths=PackedStringArray("skins", "hitboxes", "fists", "jiggle_bones", "sfx_controller", "body_slot", "right_hand_slot")]
script = ExtResource("1_wgll5")
character_team = 3
bio = "MAYFLY is cheerful and flighty. She can easily destroy someone with her cruel ignorance."
avatar_big = ExtResource("2_qdmts")
avatar_small = ExtResource("3_ji630")
skins = [NodePath("Model/Armature/GeneralSkeleton/Default"), NodePath("Model/Armature/GeneralSkeleton/Skin1"), NodePath("Model/Armature/GeneralSkeleton/Skin2"), NodePath("Model/Armature/GeneralSkeleton/Skin3")]
stat_speed = 3
hitboxes = [NodePath("Model/Armature/GeneralSkeleton/Hitboxes/Head/Area3D"), NodePath("Model/Armature/GeneralSkeleton/Hitboxes/Torso/Area3D"), NodePath("Model/Armature/GeneralSkeleton/Hitboxes/HipL/Area3D"), NodePath("Model/Armature/GeneralSkeleton/Hitboxes/ShinL/Area3D"), NodePath("Model/Armature/GeneralSkeleton/Hitboxes/FootL/Area3D"), NodePath("Model/Armature/GeneralSkeleton/Hitboxes/HipR/Area3D"), NodePath("Model/Armature/GeneralSkeleton/Hitboxes/ShinR/Area3D"), NodePath("Model/Armature/GeneralSkeleton/Hitboxes/FootR/Area3D"), NodePath("Model/Armature/GeneralSkeleton/Hitboxes/BicepL/Area3D"), NodePath("Model/Armature/GeneralSkeleton/Hitboxes/TricepL/Area3D"), NodePath("Model/Armature/GeneralSkeleton/Hitboxes/HandL/Area3D"), NodePath("Model/Armature/GeneralSkeleton/Hitboxes/BicepR/Area3D"), NodePath("Model/Armature/GeneralSkeleton/Hitboxes/TricepR/Area3D"), NodePath("Model/Armature/GeneralSkeleton/Hitboxes/HandR/Area3D")]
fists = [NodePath("Model/Armature/GeneralSkeleton/Fists/HandL/LeftFist"), NodePath("Model/Armature/GeneralSkeleton/Fists/HandR/RightFist")]
jiggle_bones = [NodePath("Model/Armature/GeneralSkeleton/BoobJiggle_L"), NodePath("Model/Armature/GeneralSkeleton/BoobJiggle_R")]
sfx_controller = NodePath("SFX")
gameplay_animation_tree = ExtResource("4_7pwax")
taunt_animation_tree = ExtResource("5_jksom")
body_slot = NodePath("Model/Armature/GeneralSkeleton/Body Slot")
right_hand_slot = NodePath("Model/Armature/GeneralSkeleton/Right Hand Slot")
initial_loadout = ExtResource("6_vtabk")

[node name="Model" parent="." unique_id=289208743 instance=ExtResource("1_b1dom")]
transform = Transform3D(-1, 0, -8.742278e-08, 0, 1, 0, 8.742278e-08, 0, -1, 0, 0, 0)

[node name="GeneralSkeleton" parent="Model/Armature" index="0"]
bones/0/position = Vector3(0.56319124, 1.2908581, -0.020395994)
bones/1/position = Vector3(0.24235553, 0.7260164, 0.75539386)
bones/2/position = Vector3(0.1063448, 0.4822054, 0.21345273)
bones/2/rotation = Quaternion(0.9966792, 0.0003490932, -0.078467876, -0.021757787)
bones/3/position = Vector3(-0.023641482, 1.4760959, 0.70773524)
bones/3/rotation = Quaternion(0.70710677, -1.3767877e-07, -1.3767877e-07, 0.70710677)
bones/4/position = Vector3(2.209964e-16, 0.84839046, -0.07453714)
bones/4/rotation = Quaternion(-0.039677672, -0.38814285, 0.010936307, 0.92067975)
bones/5/position = Vector3(-2.3841822e-09, -4.0505867e-08, -2.794924e-08)
bones/5/rotation = Quaternion(-0.018967325, 0.36374074, 0.11429186, 0.92426753)
bones/6/rotation = Quaternion(0.08662878, -0.18718477, -0.08764114, 0.9745647)
bones/7/rotation = Quaternion(-0.64653814, 0.16895863, 0.024210263, 0.7435424)
bones/8/rotation = Quaternion(0.5375339, -2.1722774e-06, -4.9149037e-08, -0.84324217)
bones/9/rotation = Quaternion(0.025684731, 0.90155023, -0.4304728, -0.0352239)
bones/10/rotation = Quaternion(-0.2279144, -0.18725272, -0.2760874, 0.91474986)
bones/11/rotation = Quaternion(0.71646774, 9.2155915e-07, 1.958077e-08, -0.6976202)
bones/12/rotation = Quaternion(-0.0031951298, 0.8243054, -0.51777464, 0.2289539)
bones/13/rotation = Quaternion(-5.9604645e-08, -6.111822e-09, 4.656755e-10, 1)
bones/15/rotation = Quaternion(-0.020451697, 0.018223708, 0.021195099, 0.9994)
bones/16/rotation = Quaternion(0.015693082, 0.38586655, -0.0010179782, 0.9224205)
bones/17/rotation = Quaternion(0.535036, 0.51284367, 0.44270498, -0.504718)
bones/18/rotation = Quaternion(-0.6194151, 0.32985023, -0.24656636, 0.6683777)
bones/19/rotation = Quaternion(0.058817938, -0.0030317903, -0.38763148, 0.9199311)
bones/20/rotation = Quaternion(0.11530643, 0.85364693, 0.21604127, 0.4596929)
bones/21/rotation = Quaternion(0.38511246, 0.6245898, 0.60128844, 0.3162725)
bones/22/position = Vector3(-0.1333074, -0.44142523, 0.08499107)
bones/22/rotation = Quaternion(0.09114651, -0.42970166, -0.8746, -0.20524064)
bones/23/rotation = Quaternion(0.45292735, -0.5492823, -0.53363943, -0.45648098)
bones/24/rotation = Quaternion(-0.40333754, -0.3379058, 0.5863898, 0.6158616)
bones/25/rotation = Quaternion(0.05217828, 0.0026892424, 0.34387296, 0.9375615)
bones/26/rotation = Quaternion(0.1776765, 0.7967787, 0.103605434, -0.5681909)
bones/27/rotation = Quaternion(-0.66727203, 0.6727281, 0.27129886, -0.16906202)
bones/28/position = Vector3(0.22067547, -0.03336136, 0.42311373)
bones/28/rotation = Quaternion(0.20849255, 0.681156, 0.69473636, -0.09949249)
bones/29/rotation = Quaternion(0.41305313, 0.4023187, 0.8167279, 0.021964664)
bones/31/position = Vector3(-0.660681, 1.2575539, -0.6398314)
bones/32/position = Vector3(-0.5004858, 0.519859, 0.46694574)
bones/33/position = Vector3(-0.112135306, 0.23115677, -0.18026872)
bones/33/rotation = Quaternion(0.98026574, 0.0034835562, 0.081359796, -0.18013233)

[node name="Mayfly" parent="Model/Armature/GeneralSkeleton" index="0"]
visible = false

[node name="Default" parent="Model/Armature/GeneralSkeleton" index="1" unique_id=1951877582 instance=ExtResource("8_icvnh")]
surface_material_override/1 = SubResource("StandardMaterial3D_50vbu")

[node name="Skin1" parent="Model/Armature/GeneralSkeleton" index="2" unique_id=525841906 instance=ExtResource("9_uxa88")]
visible = false

[node name="Skin2" parent="Model/Armature/GeneralSkeleton" index="3" unique_id=1677898456 instance=ExtResource("10_r827j")]
visible = false

[node name="Skin3" parent="Model/Armature/GeneralSkeleton" index="4" unique_id=1181546043 instance=ExtResource("11_hguf2")]
visible = false

[node name="BoobJiggle_L" type="BoneAttachment3D" parent="Model/Armature/GeneralSkeleton" index="5" unique_id=1432692266]
transform = Transform3D(-0.92567754, -0.28336555, 0.25064915, 0.3759059, -0.6143185, 0.69376373, -0.0426103, 0.736422, 0.6751797, -0.027394136, 1.2854855, -0.015188936)
bone_name = "Boob.L"
bone_idx = 29
script = ExtResource("3_dhxsf")
properties = SubResource("Resource_qdmts")

[node name="BoobJiggle_R" type="BoneAttachment3D" parent="Model/Armature/GeneralSkeleton" index="6" unique_id=1539331674]
transform = Transform3D(0.006782292, -0.6975184, -0.7165347, -0.44292164, -0.6445231, 0.62322557, -0.8965343, 0.3131419, -0.3133175, -0.09094891, 1.2808504, -0.08014426)
bone_name = "Boob.R"
bone_idx = 30
script = ExtResource("3_dhxsf")
properties = SubResource("Resource_qdmts")

[node name="Body Slot" type="BoneAttachment3D" parent="Model/Armature/GeneralSkeleton" index="7" unique_id=66283398]
transform = Transform3D(0.69845104, 0.010663622, -0.7155784, 0.050938882, 0.99661213, 0.06457128, 0.7138427, -0.081550635, 0.6955416, -0.03746356, 1.1324369, -0.058150537)
bone_name = "Spine"
bone_idx = 13

[node name="Offset" type="Node3D" parent="Model/Armature/GeneralSkeleton/Body Slot" unique_id=757756044]
transform = Transform3D(1, 0, 0, 0, 1, 0, 0, 0, 1, -1.3222078e-08, 1.3600232e-15, -0.22738057)

[node name="Right Hand Slot" type="BoneAttachment3D" parent="Model/Armature/GeneralSkeleton" index="8" unique_id=447488411]
transform = Transform3D(-0.2898057, -0.09149137, 0.9527025, 0.6420045, -0.7568331, 0.122612104, 0.70981896, 0.6471732, 0.27807254, -0.13221239, 0.9402342, 0.15446445)
bone_name = "RightHand"
bone_idx = 26

[node name="Offset" type="Node3D" parent="Model/Armature/GeneralSkeleton/Right Hand Slot" unique_id=625884742]
transform = Transform3D(-4.371139e-08, 1, -4.371139e-08, 0, -4.371139e-08, -1, -1, -4.371139e-08, 1.9106855e-15, 4.678992e-09, 0.08573668, 1.8917469e-10)

[node name="Hitboxes" parent="Model/Armature/GeneralSkeleton" index="9" unique_id=1583919959 instance=ExtResource("10_mexmt")]

[node name="Head" parent="Model/Armature/GeneralSkeleton/Hitboxes" index="0"]
transform = Transform3D(0.99949443, -4.8210844e-05, 0.031795472, -0.003458172, 0.9939017, 0.11021499, -0.031606853, -0.11026922, 0.99339914, -0.019455127, 1.4324083, -0.10264984)

[node name="Torso" parent="Model/Armature/GeneralSkeleton/Hitboxes" index="1"]
transform = Transform3D(0.9144682, -0.0515275, -0.4013637, 0.0473186, 0.99867153, -0.020399705, 0.4018816, -0.00033707917, 0.9156916, -0.031025093, 1.0076511, -0.05810845)

[node name="HipL" parent="Model/Armature/GeneralSkeleton/Hitboxes" index="2"]
transform = Transform3D(0.9739512, -0.22419097, 0.034021582, -0.053544376, -0.08158421, 0.9952271, -0.22034533, -0.97112435, -0.09146323, 0.07028084, 0.8831862, -0.043394685)

[node name="CollisionShape3D" parent="Model/Armature/GeneralSkeleton/Hitboxes/HipL/Area3D" index="0"]
transform = Transform3D(1, 0, 0, 2.98023e-08, 1, 0, 0, -8.9407e-08, 1, -0.015078609, -0.19541714, 0.0036977308)

[node name="ShinL" parent="Model/Armature/GeneralSkeleton/Hitboxes" index="3"]
transform = Transform3D(0.9739516, -0.12547866, -0.18887411, -0.053547893, -0.93665344, 0.3461402, -0.2203428, -0.32701, -0.9189742, 0.16691914, 0.9113333, 0.37691772)
bone_name = "LeftLowerLeg"

[node name="CollisionShape3D" parent="Model/Armature/GeneralSkeleton/Hitboxes/ShinL/Area3D" index="0"]
transform = Transform3D(1, -1.49012e-08, 2.98023e-08, 7.45058e-09, 1, 0, 2.98023e-08, -1.49012e-08, 1, -0.00463131, 0.171816, 0.0108838)

[node name="FootL" parent="Model/Armature/GeneralSkeleton/Hitboxes" index="4"]
transform = Transform3D(-0.98768526, 0.08370397, 0.13217881, -0.004109012, -0.85843253, 0.5129102, 0.1563992, 0.5060507, 0.8482051, 0.10633804, 0.48211178, 0.21344905)
bone_name = "LeftFoot"

[node name="CollisionShape3D" parent="Model/Armature/GeneralSkeleton/Hitboxes/FootL/Area3D" index="0"]
transform = Transform3D(1, -1.02073e-06, 9.76026e-07, -5.96046e-08, 1, 2.98023e-07, 2.23517e-08, 2.98023e-08, 1, -0.0117028, 0.0856321, -0.00270143)

[node name="HipR" parent="Model/Armature/GeneralSkeleton/Hitboxes" index="5"]
transform = Transform3D(0.81219983, 0.46303907, -0.3548609, -0.16312242, 0.76427865, 0.6239145, 0.5601094, -0.44885755, 0.69627905, -0.07931535, 0.85435045, -0.046367124)

[node name="CollisionShape3D" parent="Model/Armature/GeneralSkeleton/Hitboxes/HipR/Area3D" index="0"]
transform = Transform3D(1.0000001, -5.2154064e-08, -5.9604645e-08, -2.2351742e-08, 1.0000013, 1.3411045e-07, 0, -1.0430813e-07, 1, -0.009261218, -0.16294238, 0.021738205)

[node name="ShinR" parent="Model/Armature/GeneralSkeleton/Hitboxes" index="6"]
transform = Transform3D(0.81219995, 0.34239498, 0.47233137, -0.16312061, -0.64406264, 0.7473787, 0.5601097, -0.68406796, -0.46725613, -0.27687722, 0.5196208, 0.14262779)
bone_name = "RightLowerLeg"

[node name="CollisionShape3D" parent="Model/Armature/GeneralSkeleton/Hitboxes/ShinR/Area3D" index="0"]
transform = Transform3D(1, -2.98023e-08, -2.98023e-08, 0, 1, 0, 0, 1.49012e-08, 1, 0.00224671, 0.18338, 0.0280048)

[node name="FootR" parent="Model/Armature/GeneralSkeleton/Hitboxes" index="7"]
transform = Transform3D(-0.9867369, -0.05678636, -0.15207052, 0.022481501, -0.9755932, 0.21843141, -0.16076276, 0.21211557, 0.9639306, -0.11213265, 0.23114908, -0.18027543)
bone_name = "RightFoot"

[node name="CollisionShape3D" parent="Model/Armature/GeneralSkeleton/Hitboxes/FootR/Area3D" index="0"]
transform = Transform3D(1, -1.04308e-06, 9.98378e-07, -5.96046e-08, 1, 3.57628e-07, 1.49012e-08, 2.98023e-08, 1, 0.0129449, 0.0689975, 0.00825714)

[node name="BicepL" parent="Model/Armature/GeneralSkeleton/Hitboxes" index="8"]
transform = Transform3D(-0.9961523, 0.08561869, 0.018710922, -0.080351084, -0.9774938, 0.19506308, 0.03499089, 0.19280913, 0.9806122, 0.06147438, 1.3140249, -0.007909626)

[node name="TricepL" parent="Model/Armature/GeneralSkeleton/Hitboxes" index="9"]
transform = Transform3D(-0.7586156, -0.64872366, 0.060497485, 0.6334765, -0.71268684, 0.3013058, -0.15234846, 0.26689905, 0.95160645, 0.089611664, 1.0484241, 0.041459322)

[node name="HandL" parent="Model/Armature/GeneralSkeleton/Hitboxes" index="10"]
transform = Transform3D(0.11679737, -0.54085124, -0.8329695, -0.8522231, -0.48524788, 0.19557677, -0.5099745, 0.6870331, -0.5176015, -0.071388125, 0.8785565, 0.104273155)
bone_name = "LeftHand"

[node name="BicepR" parent="Model/Armature/GeneralSkeleton/Hitboxes" index="11"]
transform = Transform3D(-0.7598959, -0.28150028, -0.5859317, -0.082368344, -0.8524085, 0.5163479, -0.64480543, 0.44063297, 0.62455505, -0.11103226, 1.3025337, -0.15719621)

[node name="TricepR" parent="Model/Armature/GeneralSkeleton/Hitboxes" index="12"]
transform = Transform3D(-0.7798349, 0.21796569, -0.58681226, -0.5968374, -0.5416116, 0.59198135, -0.18879281, 0.81187946, 0.55245775, -0.18956122, 1.0691706, -0.04253316)

[node name="HandR" parent="Model/Armature/GeneralSkeleton/Hitboxes" index="13"]
transform = Transform3D(-0.2898057, -0.09149137, 0.9527025, 0.6420045, -0.7568331, 0.122612104, 0.70981896, 0.6471732, 0.27807254, -0.13221239, 0.9402342, 0.15446445)
bone_name = "RightHand"

[node name="Fists" parent="Model/Armature/GeneralSkeleton" index="10" unique_id=1095008109 instance=ExtResource("11_icvnh")]

[node name="HandL" parent="Model/Armature/GeneralSkeleton/Fists" index="0" unique_id=1272063757]
transform = Transform3D(0.11679737, -0.54085124, -0.8329695, -0.8522231, -0.48524788, 0.19557677, -0.5099745, 0.6870331, -0.5176015, -0.071388125, 0.8785565, 0.104273155)
bone_name = "LeftHand"

[node name="HandR" parent="Model/Armature/GeneralSkeleton/Fists" index="1" unique_id=415397566]
transform = Transform3D(-0.2898057, -0.09149137, 0.9527025, 0.6420045, -0.7568331, 0.122612104, 0.70981896, 0.6471732, 0.27807254, -0.13221239, 0.9402342, 0.15446445)
bone_name = "RightHand"

[node name="AnimationPlayer" type="AnimationPlayer" parent="Model" unique_id=506883807]
root_node = NodePath("../Armature")
libraries/ = SubResource("AnimationLibrary_76jkn")
"libraries/Hit Reactions" = ExtResource("18_50vbu")
"libraries/Lower Body" = ExtResource("2_5vh08")
libraries/Taunts = ExtResource("3_wgll5")
"libraries/Upper Body" = ExtResource("4_5qxpq")

[node name="SFX" type="Node3D" parent="." unique_id=367443211]
process_mode = 3
script = ExtResource("5_dhxsf")

[node name="Taunts" type="Node3D" parent="SFX" unique_id=1267255425]

[node name="Entrance" type="AudioStreamPlayer3D" parent="SFX/Taunts" unique_id=249791868]
stream = ExtResource("6_c1562")
volume_db = -15.0
max_db = 0.0
bus = &"Characters"
attenuation_filter_db = 0.0

[node name="Win" type="AudioStreamPlayer3D" parent="SFX/Taunts" unique_id=219285930]
stream = ExtResource("7_qdmts")
volume_db = -15.0
max_db = 0.0
bus = &"Characters"
attenuation_filter_db = 0.0

[node name="Lose" type="AudioStreamPlayer3D" parent="SFX/Taunts" unique_id=194963304]
stream = ExtResource("8_ji630")
volume_db = -15.0
max_db = 0.0
bus = &"Characters"
attenuation_filter_db = 0.0

[node name="Common" parent="SFX" unique_id=1719745336 instance=ExtResource("9_7pwax")]

[node name="Death" type="AudioStreamPlayer3D" parent="SFX" unique_id=1895914205]
transform = Transform3D(1, 0, 0, 0, 1, 0, 0, 0, 1, 0, 1.49041, 0)
stream = ExtResource("10_jksom")
volume_db = -10.0
max_db = 0.0
pitch_scale = 0.64
bus = &"CharacterDeath"
attenuation_filter_db = 0.0

[node name="Hit" type="AudioStreamPlayer3D" parent="SFX" unique_id=899509635]
transform = Transform3D(1, 0, 0, 0, 1, 0, 0, 0, 1, 0, 1.49041, 0)
stream = SubResource("AudioStreamRandomizer_t3edx")
volume_db = -10.0
max_db = 0.0
pitch_scale = 0.64
bus = &"Characters"
attenuation_filter_db = 0.0

[node name="Pickup" type="AudioStreamPlayer3D" parent="SFX" unique_id=557487958]
transform = Transform3D(1, 0, 0, 0, 1, 0, 0, 0, 1, 0, 1.49041, 0)
stream = SubResource("AudioStreamRandomizer_40wxv")
volume_db = -10.0
max_db = 0.0
pitch_scale = 0.64
bus = &"Characters"
attenuation_filter_db = 0.0

[node name="Attack" type="AudioStreamPlayer3D" parent="SFX" unique_id=1600355418]
transform = Transform3D(1, 0, 0, 0, 1, 0, 0, 0, 1, 0, 1.49041, 0)
stream = SubResource("AudioStreamRandomizer_vbr5j")
volume_db = -10.0
max_db = 0.0
pitch_scale = 0.64
bus = &"Characters"
attenuation_filter_db = 0.0

[node name="Special 1" type="AudioStreamPlayer3D" parent="SFX" unique_id=1986593535]
transform = Transform3D(1, 0, 0, 0, 1, 0, 0, 0, 1, 0, 1.49041, 0)
stream = ExtResource("20_ijcq6")
volume_db = -10.0
max_db = 0.0
pitch_scale = 0.64
bus = &"Characters"
attenuation_filter_db = 0.0

[node name="Special 2" type="AudioStreamPlayer3D" parent="SFX" unique_id=952694331]
transform = Transform3D(1, 0, 0, 0, 1, 0, 0, 0, 1, 0, 1.49041, 0)
stream = ExtResource("21_l5512")
volume_db = -10.0
max_db = 0.0
pitch_scale = 0.64
bus = &"Characters"
attenuation_filter_db = 0.0

[node name="Special 3" type="AudioStreamPlayer3D" parent="SFX" unique_id=226006209]
transform = Transform3D(1, 0, 0, 0, 1, 0, 0, 0, 1, 0, 1.49041, 0)
stream = ExtResource("22_4cc3r")
volume_db = -10.0
max_db = 0.0
pitch_scale = 0.64
bus = &"Characters"
attenuation_filter_db = 0.0

[editable path="Model"]
[editable path="Model/Armature/GeneralSkeleton/Hitboxes"]
[editable path="Model/Armature/GeneralSkeleton/Fists"]
