[gd_scene load_steps=41 format=3 uid="uid://bkwdwyqoe03bk"]

[ext_resource type="Script" uid="uid://b67p4er5pdntl" path="res://Scripts/Characters/CharacterController.gd" id="1_geluh"]
[ext_resource type="PackedScene" uid="uid://bu2ontvhx7wrb" path="res://Models/Characters/Mayfly/Mayfly.glb" id="1_mpnic"]
[ext_resource type="Texture2D" uid="uid://b0g1xv1gbqo2t" path="res://Textures/Characters/Mayfly/Cards/6c34b3ba.png" id="2_140x5"]
[ext_resource type="Script" uid="uid://0a1jysr3rwqr" path="res://addons/wigglebone/wiggle_bone.gd" id="2_kol3l"]
[ext_resource type="Texture2D" uid="uid://b4us62c4nw8bf" path="res://Textures/Characters/Mayfly/Cards/fe56c5eb.png" id="3_mgkh6"]
[ext_resource type="Script" uid="uid://clqr0agw21yiu" path="res://addons/wigglebone/wiggle_properties.gd" id="3_mrhw2"]
[ext_resource type="PackedScene" uid="uid://cti1ekhybelqv" path="res://Prefabs/Weapons/SniperRifle/SniperRifle.tscn" id="4_kwfx5"]
[ext_resource type="PackedScene" uid="uid://dv3vruxl2ka7g" path="res://Models/Characters/Mayfly/Skins/Default.tscn" id="5_0odlj"]
[ext_resource type="PackedScene" uid="uid://dnvfp0ub0us6a" path="res://Models/Characters/Mayfly/Skins/Skin1.tscn" id="5_w6mfk"]
[ext_resource type="PackedScene" uid="uid://dxt1kjkfh8sfq" path="res://Models/Characters/Mayfly/Skins/Skin2.tscn" id="6_njphx"]
[ext_resource type="PackedScene" uid="uid://bofdtoq7onx0r" path="res://Models/Characters/Mayfly/Skins/Skin3.tscn" id="7_j2m6n"]
[ext_resource type="PackedScene" uid="uid://bmuljmi6fxn4h" path="res://Prefabs/Characters/Common/Hitboxes.tscn" id="8_jqpkx"]
[ext_resource type="PackedScene" uid="uid://bexuiaqh7fwn0" path="res://Prefabs/Characters/Common/Fists.tscn" id="9_xx37k"]
[ext_resource type="AudioStream" uid="uid://ufpw410hen6y" path="res://Sound/Characters/Mayfly/Damage/Death.wav" id="20_6tcqy"]
[ext_resource type="AudioStream" uid="uid://dfmu6setfkov2" path="res://Sound/Characters/Mayfly/Damage/Hit 1.wav" id="21_rmc1h"]
[ext_resource type="AudioStream" uid="uid://dmrx6y3ujpek5" path="res://Sound/Characters/Mayfly/Damage/Hit 2.wav" id="22_4ud87"]
[ext_resource type="AudioStream" uid="uid://q3abllkjugp6" path="res://Sound/Characters/Mayfly/Damage/Hit 3.wav" id="23_77dxe"]
[ext_resource type="AudioStream" uid="uid://caqbht7qwhd8r" path="res://Sound/Characters/Mayfly/Taunts/Entrance.wav" id="34_b3bbl"]
[ext_resource type="AnimationLibrary" uid="uid://dpicnwsmaujai" path="res://Animations/Characters/Mayfly/Lower Body.res" id="34_uqo36"]
[ext_resource type="AudioStream" uid="uid://dur2jfph1faay" path="res://Sound/Characters/Mayfly/Taunts/Win.wav" id="35_hw3sk"]
[ext_resource type="AnimationLibrary" uid="uid://drm1ym07vxfhk" path="res://Animations/Characters/Mayfly/Taunts/Taunts.res" id="35_xqfwe"]
[ext_resource type="AnimationLibrary" uid="uid://dw5lxh8qnt6xn" path="res://Animations/Characters/Mayfly/Upper Body.res" id="36_qmhki"]
[ext_resource type="AudioStream" uid="uid://dheiicvawvtyy" path="res://Sound/Characters/Mayfly/Taunts/Lose.wav" id="36_y66dw"]
[ext_resource type="PackedScene" uid="uid://blgqvbxjfjr68" path="res://Prefabs/Characters/Common/SFX/Common.tscn" id="37_tjk6p"]
[ext_resource type="Script" uid="uid://bosu3x1t1to4" path="res://Scripts/Characters/CharacterSFXController.gd" id="38_7d80l"]
[ext_resource type="AudioStream" uid="uid://dunkyet5380ap" path="res://Sound/Characters/Mayfly/Pickup/Pickup 1.wav" id="38_p2jwr"]
[ext_resource type="AudioStream" uid="uid://cd5rtf68q1psx" path="res://Sound/Characters/Mayfly/Pickup/Pickup 2.wav" id="39_jid4l"]
[ext_resource type="AudioStream" uid="uid://cabr1pk1akabc" path="res://Sound/Characters/Mayfly/Pickup/Pickup 3.wav" id="40_armp0"]
[ext_resource type="AudioStream" uid="uid://bja1heleqytcy" path="res://Sound/Characters/Mayfly/Attacks/Attack 1.wav" id="41_1ney6"]
[ext_resource type="AudioStream" uid="uid://bwgia2k52s1ol" path="res://Sound/Characters/Mayfly/Attacks/Attack 2.wav" id="42_i02ew"]
[ext_resource type="AudioStream" uid="uid://chuyhvdaw4eiv" path="res://Sound/Characters/Mayfly/Attacks/Attack 3.wav" id="43_brtug"]
[ext_resource type="AudioStream" uid="uid://b3hv8lahvhavx" path="res://Sound/Characters/Mayfly/Specials/Special 1.wav" id="44_khi7e"]
[ext_resource type="AudioStream" uid="uid://xvrtauyxmkuq" path="res://Sound/Characters/Mayfly/Specials/Special 2.wav" id="45_grcct"]
[ext_resource type="AudioStream" uid="uid://d7lbvw0h2m3l" path="res://Sound/Characters/Mayfly/Specials/Special 3.wav" id="46_mjv4u"]

[sub_resource type="Resource" id="Resource_e70aj"]
script = ExtResource("3_mrhw2")
stiffness = 0.2
damping = 0.5
length = 0.2

[sub_resource type="Animation" id="Animation_xk0gi"]
length = 0.001
tracks/0/type = "value"
tracks/0/imported = false
tracks/0/enabled = true
tracks/0/path = NodePath("../SFX/Death:playing")
tracks/0/interp = 1
tracks/0/loop_wrap = true
tracks/0/keys = {
"times": PackedFloat32Array(0),
"transitions": PackedFloat32Array(1),
"update": 1,
"values": [false]
}

[sub_resource type="AnimationLibrary" id="AnimationLibrary_loyf2"]
_data = {
&"RESET": SubResource("Animation_xk0gi")
}

[sub_resource type="AudioStreamRandomizer" id="AudioStreamRandomizer_71xsd"]
streams_count = 3
stream_0/stream = ExtResource("21_rmc1h")
stream_1/stream = ExtResource("22_4ud87")
stream_2/stream = ExtResource("23_77dxe")

[sub_resource type="AudioStreamRandomizer" id="AudioStreamRandomizer_dwbxw"]
streams_count = 3
stream_0/stream = ExtResource("38_p2jwr")
stream_1/stream = ExtResource("39_jid4l")
stream_2/stream = ExtResource("40_armp0")

[sub_resource type="AudioStreamRandomizer" id="AudioStreamRandomizer_20dk2"]
streams_count = 3
stream_0/stream = ExtResource("41_1ney6")
stream_1/stream = ExtResource("42_i02ew")
stream_2/stream = ExtResource("43_brtug")

[node name="Mayfly" type="Node3D" node_paths=PackedStringArray("skins", "hitboxes", "fists", "jiggle_bones", "sfx_controller", "body_slot", "right_hand_slot")]
script = ExtResource("1_geluh")
character_team = 3
avatar_big = ExtResource("2_140x5")
avatar_small = ExtResource("3_mgkh6")
skins = [NodePath("Model/Default"), NodePath("Model/Skin1"), NodePath("Model/Skin2"), NodePath("Model/Skin3")]
stat_speed = 3
hitboxes = [NodePath("Model/Armature/Skeleton3D/Hitboxes/Head/Area3D"), NodePath("Model/Armature/Skeleton3D/Hitboxes/Torso/Area3D"), NodePath("Model/Armature/Skeleton3D/Hitboxes/HipL/Area3D"), NodePath("Model/Armature/Skeleton3D/Hitboxes/ShinL/Area3D"), NodePath("Model/Armature/Skeleton3D/Hitboxes/FootL/Area3D"), NodePath("Model/Armature/Skeleton3D/Hitboxes/HipR/Area3D"), NodePath("Model/Armature/Skeleton3D/Hitboxes/ShinR/Area3D"), NodePath("Model/Armature/Skeleton3D/Hitboxes/FootR/Area3D"), NodePath("Model/Armature/Skeleton3D/Hitboxes/BicepL/Area3D"), NodePath("Model/Armature/Skeleton3D/Hitboxes/TricepL/Area3D"), NodePath("Model/Armature/Skeleton3D/Hitboxes/HandL/Area3D"), NodePath("Model/Armature/Skeleton3D/Hitboxes/BicepR/Area3D"), NodePath("Model/Armature/Skeleton3D/Hitboxes/TricepR/Area3D"), NodePath("Model/Armature/Skeleton3D/Hitboxes/HandR/Area3D")]
fists = [NodePath("Model/Armature/Skeleton3D/Fists/HandL/Fist"), NodePath("Model/Armature/Skeleton3D/Fists/HandR/Fist")]
jiggle_bones = [NodePath("Model/Armature/Skeleton3D/BoobJiggle_L"), NodePath("Model/Armature/Skeleton3D/BoobJiggle_R")]
sfx_controller = NodePath("SFX")
body_slot = NodePath("Model/Armature/Skeleton3D/Body Slot")
right_hand_slot = NodePath("Model/Armature/Skeleton3D/Right Hand Slot")
initial_loadout = ExtResource("4_kwfx5")

[node name="Model" parent="." instance=ExtResource("1_mpnic")]
transform = Transform3D(-1, 0, -8.74228e-08, 0, 1, 0, 8.74228e-08, 0, -1, 0, 0, 0)

[node name="Skeleton3D" parent="Model/Armature" index="0"]
bones/0/position = Vector3(0.787353, 1.4491, -0.692334)
bones/1/position = Vector3(0.377811, 0.462767, 0.755394)
bones/1/rotation = Quaternion(0.707107, 5.33851e-08, 5.33851e-08, 0.707107)
bones/2/position = Vector3(0.24132, 0.114338, 0.15053)
bones/2/rotation = Quaternion(0.877691, -0.0360352, 0.0668425, 0.473173)
bones/3/position = Vector3(-0.0236415, 1.4761, 0.707735)
bones/3/rotation = Quaternion(0.707107, -1.37679e-07, -1.37679e-07, 0.707107)
bones/4/position = Vector3(-0.06882088, 0.9260736, 0.05167474)
bones/4/rotation = Quaternion(-0.021847386, -0.20070747, -0.054341737, 0.97789884)
bones/4/scale = Vector3(1, 0.99999994, 0.99999994)
bones/5/position = Vector3(1.6689295e-08, 8.2820534e-08, 1.9268915e-08)
bones/5/rotation = Quaternion(0.15577814, 0.006669438, 0.009391444, 0.9877249)
bones/5/scale = Vector3(1.0000001, 1, 1)
bones/6/position = Vector3(3.15362e-15, 0.16308399, -3.8363623e-08)
bones/6/rotation = Quaternion(-0.124819726, 0.008154243, 0.015953323, 0.99201775)
bones/6/scale = Vector3(0.99999994, 1.0000001, 0.99999994)
bones/7/position = Vector3(0.0761895, 0.023747023, 0.027408617)
bones/7/rotation = Quaternion(0.9432959, 0.050435305, 0.13688838, 0.2981792)
bones/7/scale = Vector3(1, 0.9999999, 0.999999)
bones/8/position = Vector3(-6.8946617e-09, 0.43219638, -1.05641575e-08)
bones/8/rotation = Quaternion(0.48330057, 0.033807416, -0.095153086, 0.8696112)
bones/8/scale = Vector3(1.0000001, 1.0000001, 1.0000001)
bones/9/position = Vector3(-1.5413217e-08, 0.4632746, -1.03667865e-08)
bones/9/rotation = Quaternion(-0.3929394, -0.07603101, 0.038238302, 0.91561776)
bones/9/scale = Vector3(1, 1.0000001, 1)
bones/10/position = Vector3(-0.076189496, 0.02374711, 0.027408639)
bones/10/rotation = Quaternion(0.9832391, 0.06739788, -0.083393015, 0.147459)
bones/10/scale = Vector3(0.99999994, 1.0000001, 1.0000042)
bones/11/position = Vector3(2.8245342e-09, 0.43219626, -4.3959915e-08)
bones/11/rotation = Quaternion(0.121674106, -0.053514466, -0.020354535, 0.99091744)
bones/11/scale = Vector3(0.9999999, 1, 0.99999994)
bones/12/position = Vector3(1.2947703e-09, 0.46327454, -3.9467887e-09)
bones/12/rotation = Quaternion(-0.54707134, 0.0063565914, 0.06711512, 0.834367)
bones/12/scale = Vector3(1, 1.0000001, 1)
bones/13/position = Vector3(7.1525545e-09, 0.2813483, 0.05654691)
bones/13/rotation = Quaternion(-0.7071068, -8.48699e-08, 8.0424726e-08, 0.7071068)
bones/13/scale = Vector3(1, 1, 1.0000001)
bones/14/position = Vector3(-1.4305104e-08, 2.7614561e-08, 9.728875e-08)
bones/14/rotation = Quaternion(0.661928, -0.014916027, 0.058568392, 0.747127)
bones/14/scale = Vector3(1, 1, 0.99999994)
bones/15/position = Vector3(-2.0480628e-09, 0.21322197, 0.0064097536)
bones/15/rotation = Quaternion(0.21378547, -0.023216626, 0.16936742, 0.9618063)
bones/15/scale = Vector3(0.9999999, 0.9999998, 0.99999994)
bones/16/position = Vector3(4.768333e-09, 0.090634696, 5.3774816e-09)
bones/16/rotation = Quaternion(0.7367788, 0.08391779, -0.0017634087, 0.67090374)
bones/16/scale = Vector3(0.99999994, 1, 0.9999999)
bones/17/position = Vector3(0.041622527, 0.1761882, 0.004648878)
bones/17/rotation = Quaternion(0.007940054, 0.0075657107, -0.7069308, 0.70719767)
bones/17/scale = Vector3(1, 0.99999994, 1)
bones/18/position = Vector3(-7.590836e-08, 0.07291109, 9.625861e-09)
bones/18/rotation = Quaternion(0.02077347, 0.0112952925, -0.70685047, 0.7069677)
bones/18/scale = Vector3(1, 0.9999999, 0.99999994)
bones/19/position = Vector3(-1.6260074e-08, 0.27161148, 4.785372e-11)
bones/19/rotation = Quaternion(0.14054497, 0.22627264, -0.12261236, 0.9560408)
bones/19/scale = Vector3(0.99999994, 1, 0.99999994)
bones/20/position = Vector3(-1.385262e-08, 0.2423253, 3.564533e-08)
bones/20/rotation = Quaternion(0.15052144, 0.21933372, 0.29226664, 0.9185948)
bones/20/scale = Vector3(0.99999994, 1, 1)
bones/21/rotation = Quaternion(-1.75907e-07, -1.19326e-07, 0.707107, 0.707107)
bones/22/position = Vector3(0.236932, -0.269743, 0.255313)
bones/22/rotation = Quaternion(0.221455, -0.635343, -0.730224, 0.118613)
bones/22/scale = Vector3(1, 1, 1)
bones/23/position = Vector3(-0.04162254, 0.17618808, 0.004648879)
bones/23/rotation = Quaternion(0.03031741, -0.028427102, 0.7083851, 0.7046016)
bones/23/scale = Vector3(1, 1.0000001, 1)
bones/24/position = Vector3(-3.241459e-08, 0.072911076, 3.9831512e-08)
bones/24/rotation = Quaternion(0.13027945, -0.0676459, 0.68281704, 0.71569)
bones/24/scale = Vector3(1, 0.9999999, 0.99999994)
bones/25/position = Vector3(-3.21551e-08, 0.27161142, 1.1303194e-08)
bones/25/rotation = Quaternion(0.32618672, -0.3079351, 0.10109906, 0.8880075)
bones/25/scale = Vector3(1, 1, 1.0000001)
bones/26/position = Vector3(5.1733817e-08, 0.24232541, -5.4655636e-08)
bones/26/rotation = Quaternion(0.17223342, -0.2957462, 0.022501571, 0.93934214)
bones/26/scale = Vector3(0.99999994, 0.9999999, 1)
bones/27/rotation = Quaternion(-1.98136e-07, 9.69328e-08, -0.707107, 0.707107)
bones/28/position = Vector3(-0.119178, -0.202827, 0.124282)
bones/28/rotation = Quaternion(0.269123, 0.63617, 0.713061, -0.120016)
bones/28/scale = Vector3(1, 1, 1)
bones/29/position = Vector3(0.045496933, 0.14376429, 0.051310714)
bones/29/rotation = Quaternion(0.4136129, 0.34931463, 0.84076375, -0.0044706548)
bones/29/scale = Vector3(1, 1.0000001, 1.0000005)
bones/30/position = Vector3(-0.045496926, 0.14376456, 0.051310685)
bones/30/rotation = Quaternion(-0.41361308, 0.34931478, 0.8407636, 0.004470415)
bones/30/scale = Vector3(0.99999994, 1.0000001, 1.0000001)
bones/31/position = Vector3(-0.122186, 1.14633, -0.677365)
bones/32/position = Vector3(-0.712804, 0.749806, 0.466946)
bones/32/rotation = Quaternion(0.707107, -5.33851e-08, -5.33851e-08, 0.707107)
bones/33/position = Vector3(-0.199665, 0.114338, -0.236088)
bones/33/rotation = Quaternion(0.863059, -0.093279, 0.173023, 0.465285)

[node name="BoobJiggle_L" type="BoneAttachment3D" parent="Model/Armature/Skeleton3D" index="0"]
transform = Transform3D(-0.82917804, 0.045936555, 0.5570946, 0.40456858, -0.63840544, 0.65480053, 0.3857312, 0.7683288, 0.5107672, -0.023250975, 1.359725, 0.1358327)
bone_name = "Boob.L"
bone_idx = 29
script = ExtResource("2_kol3l")
properties = SubResource("Resource_e70aj")

[node name="BoobJiggle_R" type="BoneAttachment3D" parent="Model/Armature/Skeleton3D" index="1"]
transform = Transform3D(-0.41379043, -0.5142789, -0.75119543, -0.40189388, -0.63719904, 0.6576158, -0.8168587, 0.5740162, 0.056981325, -0.10922009, 1.3599102, 0.106013924)
bone_name = "Boob.R"
bone_idx = 30
script = ExtResource("2_kol3l")
properties = SubResource("Resource_e70aj")

[node name="Body Slot" type="BoneAttachment3D" parent="Model/Armature/Skeleton3D" index="2"]
transform = Transform3D(0.91352695, 0.3901688, 0.11505112, -0.09751136, -0.06454265, 0.9931394, 0.3949177, -0.9184783, -0.020915573, -0.058514223, 1.2091413, 0.09772731)
bone_name = "CoreIK"
bone_idx = 13

[node name="Offset" type="Node3D" parent="Model/Armature/Skeleton3D/Body Slot"]
transform = Transform3D(1, 0, 0, 0, -4.37114e-08, -1, 0, 1, -4.37114e-08, 0, 0.2, 0)

[node name="Right Hand Slot" type="BoneAttachment3D" parent="Model/Armature/Skeleton3D" index="3"]
transform = Transform3D(-0.3967564, 0.54436415, 0.7390888, 0.59249663, -0.46310234, 0.65915406, 0.7010933, 0.69943094, -0.13879484, -0.11297819, 0.94888306, 0.24178989)
bone_name = "Hand.R"
bone_idx = 26

[node name="Offset" type="Node3D" parent="Model/Armature/Skeleton3D/Right Hand Slot"]
transform = Transform3D(1, 0, 0, 0, -4.37114e-08, -1, 0, 1, -4.37114e-08, 5.96046e-08, 0.0858372, -3.57628e-07)

[node name="Mayfly2" parent="Model/Armature/Skeleton3D" index="4"]
visible = false

[node name="Hitboxes" parent="Model/Armature/Skeleton3D" index="5" instance=ExtResource("8_jqpkx")]

[node name="Head" parent="Model/Armature/Skeleton3D/Hitboxes" index="0"]
transform = Transform3D(0.8446069, -0.14454761, 0.51550454, 0.46432647, -0.2815785, -0.83971065, 0.26653308, 0.9485881, -0.17070583, -0.08332645, 1.5025564, 0.07822925)

[node name="Torso" parent="Model/Armature/Skeleton3D/Hitboxes" index="1"]
transform = Transform3D(0.9262056, 0.041060284, -0.37477645, -0.044039443, 0.99902964, 0.0006160587, 0.37443814, 0.015934363, 0.92711484, -0.07301519, 1.0836519, 0.09348251)

[node name="HipL" parent="Model/Armature/Skeleton3D/Hitboxes" index="2"]
transform = Transform3D(0.7865488, -0.19241482, 0.5867853, 0.040410098, -0.9321424, -0.35982868, 0.61620474, 0.30673507, -0.72539914, -0.010104269, 0.93636894, 0.111393794)

[node name="CollisionShape3D" parent="Model/Armature/Skeleton3D/Hitboxes/HipL/Area3D" index="0"]
transform = Transform3D(1, 0, 0, 2.98023e-08, 1, 0, 0, -8.9407e-08, 1, -0.0150786, 0.217622, 0.00369769)

[node name="ShinL" parent="Model/Armature/Skeleton3D/Hitboxes" index="3"]
transform = Transform3D(0.70759153, 0.54628587, 0.44820273, 0.21764033, -0.7719415, 0.5972758, 0.67227024, -0.3250793, -0.66511285, -0.09326527, 0.5335004, 0.2439636)

[node name="CollisionShape3D" parent="Model/Armature/Skeleton3D/Hitboxes/ShinL/Area3D" index="0"]
transform = Transform3D(1, -1.49012e-08, 2.98023e-08, 7.45058e-09, 1, 0, 2.98023e-08, -1.49012e-08, 1, -0.00463131, 0.171816, 0.0108838)

[node name="FootL" parent="Model/Armature/Skeleton3D/Hitboxes" index="4"]
transform = Transform3D(0.8171702, 0.043608397, 0.5747441, 0.1795199, -0.96679354, -0.18188551, 0.5477278, 0.25181, -0.79786265, 0.1598151, 0.17587948, 0.0933626)

[node name="CollisionShape3D" parent="Model/Armature/Skeleton3D/Hitboxes/FootL/Area3D" index="0"]
transform = Transform3D(1, -1.02073e-06, 9.76026e-07, -5.96046e-08, 1, 2.98023e-07, 2.23517e-08, 2.98023e-08, 1, -0.0117028, 0.0856321, -0.00270143)

[node name="HipR" parent="Model/Armature/Skeleton3D/Hitboxes" index="5"]
transform = Transform3D(0.9677884, 0.059642926, 0.24459963, 0.073594496, -0.9961184, -0.04829374, 0.24076876, 0.06473906, -0.96842504, -0.1502407, 0.9482026, 0.052732825)

[node name="CollisionShape3D" parent="Model/Armature/Skeleton3D/Hitboxes/HipR/Area3D" index="0"]
transform = Transform3D(1, 0, -5.96046e-08, 0, 1, 1.49012e-08, -2.98023e-08, -2.98023e-08, 1, -0.00926122, 0.20226, 0.0217382)

[node name="ShinR" parent="Model/Armature/Skeleton3D/Hitboxes" index="6"]
transform = Transform3D(0.9829905, 0.14377941, 0.11426977, 0.12138415, -0.9755391, 0.18327495, 0.13782439, -0.16628821, -0.9764017, -0.12446326, 0.517684, 0.08071285)

[node name="CollisionShape3D" parent="Model/Armature/Skeleton3D/Hitboxes/ShinR/Area3D" index="0"]
transform = Transform3D(1, -2.98023e-08, -2.98023e-08, 0, 1, 0, 0, 1.49012e-08, 1, 0.00224671, 0.18338, 0.0280048)

[node name="FootR" parent="Model/Armature/Skeleton3D/Hitboxes" index="7"]
transform = Transform3D(0.979555, -0.16472875, 0.11548546, 0.002405378, -0.5644156, -0.8254876, 0.20116206, 0.80889124, -0.5524821, -0.057853922, 0.06574157, 0.0036757588)

[node name="CollisionShape3D" parent="Model/Armature/Skeleton3D/Hitboxes/FootR/Area3D" index="0"]
transform = Transform3D(1, -1.04308e-06, 9.98378e-07, -5.96046e-08, 1, 3.57628e-07, 1.49012e-08, 2.98023e-08, 1, 0.0129449, 0.0689975, 0.00825714)

[node name="BicepL" parent="Model/Armature/Skeleton3D/Hitboxes" index="8"]
transform = Transform3D(-0.92900807, -0.05822423, -0.36545032, -0.006119359, -0.98499274, 0.17248686, -0.3700088, 0.162478, 0.9147098, 0.0589692, 1.3830621, 0.10960194)

[node name="TricepL" parent="Model/Armature/Skeleton3D/Hitboxes" index="9"]
transform = Transform3D(-0.62529075, -0.40899292, -0.6646324, 0.08239773, -0.88150525, 0.46492893, -0.77602947, 0.23595157, 0.58489704, 0.043154843, 1.1155268, 0.15373284)

[node name="HandL" parent="Model/Armature/Skeleton3D/Hitboxes" index="10"]
transform = Transform3D(-0.4955769, -0.2951319, -0.8168847, -0.6175751, -0.5415907, 0.5703334, -0.6107406, 0.7871317, 0.08613366, -0.05595451, 0.9019158, 0.2109099)

[node name="BicepR" parent="Model/Armature/Skeleton3D/Hitboxes" index="11"]
transform = Transform3D(-0.994887, -0.09133567, -0.043101937, 0.0824321, -0.9809399, 0.17595978, -0.058351964, 0.1715071, 0.98345315, -0.15751861, 1.383135, 0.03473925)

[node name="TricepR" parent="Model/Armature/Skeleton3D/Hitboxes" index="12"]
transform = Transform3D(-0.8103376, 0.28617832, 0.5113269, 0.19387975, -0.6925288, 0.6948487, 0.5529589, 0.66219777, 0.5056979, -0.18232639, 1.1167004, 0.08132255)

[node name="HandR" parent="Model/Armature/Skeleton3D/Hitboxes" index="13"]
transform = Transform3D(-0.3967564, 0.54436415, 0.7390888, 0.59249663, -0.46310234, 0.65915406, 0.7010933, 0.69943094, -0.13879484, -0.11297819, 0.94888306, 0.24178989)

[node name="Fists" parent="Model/Armature/Skeleton3D" index="6" instance=ExtResource("9_xx37k")]

[node name="HandL" parent="Model/Armature/Skeleton3D/Fists" index="0"]
transform = Transform3D(-0.4955769, -0.2951319, -0.8168847, -0.6175751, -0.5415907, 0.5703334, -0.6107406, 0.7871317, 0.08613366, -0.05595451, 0.9019158, 0.2109099)

[node name="HandR" parent="Model/Armature/Skeleton3D/Fists" index="1"]
transform = Transform3D(-0.3967564, 0.54436415, 0.7390888, 0.59249663, -0.46310234, 0.65915406, 0.7010933, 0.69943094, -0.13879484, -0.11297819, 0.94888306, 0.24178989)

[node name="AnimationPlayer" parent="Model" index="1"]
libraries = {
&"": SubResource("AnimationLibrary_loyf2"),
&"Lower Body": ExtResource("34_uqo36"),
&"Taunts": ExtResource("35_xqfwe"),
&"Upper Body": ExtResource("36_qmhki")
}

[node name="Default" parent="Model" instance=ExtResource("5_0odlj")]
skeleton = NodePath("../Armature/Skeleton3D")

[node name="Skin1" parent="Model" instance=ExtResource("5_w6mfk")]
visible = false
skeleton = NodePath("../Armature/Skeleton3D")

[node name="Skin2" parent="Model" instance=ExtResource("6_njphx")]
visible = false
skeleton = NodePath("../Armature/Skeleton3D")

[node name="Skin3" parent="Model" instance=ExtResource("7_j2m6n")]
visible = false
skeleton = NodePath("../Armature/Skeleton3D")

[node name="SFX" type="Node3D" parent="."]
process_mode = 3
script = ExtResource("38_7d80l")

[node name="Taunts" type="Node3D" parent="SFX"]

[node name="Entrance" type="AudioStreamPlayer3D" parent="SFX/Taunts"]
stream = ExtResource("34_b3bbl")
volume_db = -15.0
max_db = 0.0
bus = &"Characters"
attenuation_filter_db = 0.0

[node name="Win" type="AudioStreamPlayer3D" parent="SFX/Taunts"]
stream = ExtResource("35_hw3sk")
volume_db = -15.0
max_db = 0.0
bus = &"Characters"
attenuation_filter_db = 0.0

[node name="Lose" type="AudioStreamPlayer3D" parent="SFX/Taunts"]
stream = ExtResource("36_y66dw")
volume_db = -15.0
max_db = 0.0
bus = &"Characters"
attenuation_filter_db = 0.0

[node name="Common" parent="SFX" instance=ExtResource("37_tjk6p")]

[node name="Death" type="AudioStreamPlayer3D" parent="SFX"]
transform = Transform3D(1, 0, 0, 0, 1, 0, 0, 0, 1, 0, 1.49041, 0)
stream = ExtResource("20_6tcqy")
volume_db = -10.0
max_db = 0.0
pitch_scale = 0.64
bus = &"Characters"
attenuation_filter_db = 0.0

[node name="Hit" type="AudioStreamPlayer3D" parent="SFX"]
transform = Transform3D(1, 0, 0, 0, 1, 0, 0, 0, 1, 0, 1.49041, 0)
stream = SubResource("AudioStreamRandomizer_71xsd")
volume_db = -10.0
max_db = 0.0
pitch_scale = 0.64
bus = &"Characters"
attenuation_filter_db = 0.0

[node name="Pickup" type="AudioStreamPlayer3D" parent="SFX"]
transform = Transform3D(1, 0, 0, 0, 1, 0, 0, 0, 1, 0, 1.49041, 0)
stream = SubResource("AudioStreamRandomizer_dwbxw")
volume_db = -10.0
max_db = 0.0
pitch_scale = 0.64
bus = &"Characters"
attenuation_filter_db = 0.0

[node name="Attack" type="AudioStreamPlayer3D" parent="SFX"]
transform = Transform3D(1, 0, 0, 0, 1, 0, 0, 0, 1, 0, 1.49041, 0)
stream = SubResource("AudioStreamRandomizer_20dk2")
volume_db = -10.0
max_db = 0.0
pitch_scale = 0.64
bus = &"Characters"
attenuation_filter_db = 0.0

[node name="Special 1" type="AudioStreamPlayer3D" parent="SFX"]
transform = Transform3D(1, 0, 0, 0, 1, 0, 0, 0, 1, 0, 1.49041, 0)
stream = ExtResource("44_khi7e")
volume_db = -10.0
max_db = 0.0
pitch_scale = 0.64
bus = &"Characters"
attenuation_filter_db = 0.0

[node name="Special 2" type="AudioStreamPlayer3D" parent="SFX"]
transform = Transform3D(1, 0, 0, 0, 1, 0, 0, 0, 1, 0, 1.49041, 0)
stream = ExtResource("45_grcct")
volume_db = -10.0
max_db = 0.0
pitch_scale = 0.64
bus = &"Characters"
attenuation_filter_db = 0.0

[node name="Special 3" type="AudioStreamPlayer3D" parent="SFX"]
transform = Transform3D(1, 0, 0, 0, 1, 0, 0, 0, 1, 0, 1.49041, 0)
stream = ExtResource("46_mjv4u")
volume_db = -10.0
max_db = 0.0
pitch_scale = 0.64
bus = &"Characters"
attenuation_filter_db = 0.0

[editable path="Model"]
[editable path="Model/Armature/Skeleton3D/Hitboxes"]
[editable path="Model/Armature/Skeleton3D/Fists"]
