[gd_scene load_steps=3 format=3 uid="uid://d3oog83s17tg0"]

[ext_resource type="PackedScene" uid="uid://bkwdwyqoe03bk" path="res://Prefabs/Characters/Mayfly/Base.tscn" id="1_ttfdn"]
[ext_resource type="PackedScene" uid="uid://c4pmv7hn2c26i" path="res://Prefabs/Characters/Common/GameplayAnimationTree.tscn" id="26_v21ka"]

[node name="Mayfly" instance=ExtResource("1_ttfdn")]
animation_tree_reference = ExtResource("26_v21ka")

[node name="BoobJiggle_L" parent="Model/Armature/Skeleton3D" index="0"]
transform = Transform3D(-0.922109, -0.191786, 0.336055, 0.386869, -0.44164, 0.809498, -0.00683554, 0.876455, 0.481437, -0.0179802, 1.12987, -0.104243)

[node name="BoobJiggle_R" parent="Model/Armature/Skeleton3D" index="1"]
transform = Transform3D(-0.107214, -0.65571, -0.747361, -0.617175, -0.54544, 0.567089, -0.779487, 0.522053, -0.34621, -0.0891726, 1.11394, -0.158629)

[node name="Body Slot" parent="Model/Armature/Skeleton3D" index="2"]
transform = Transform3D(0.782388, 0.622774, 0.0047086, 0.175055, -0.227164, 0.957994, 0.597683, -0.748698, -0.28675, -0.0338911, 0.970967, -0.112877)

[node name="Right Hand Slot" parent="Model/Armature/Skeleton3D" index="3"]
transform = Transform3D(-0.977226, 0.0436859, 0.207655, 0.211582, 0.125933, 0.969213, 0.0161903, 0.991077, -0.132308, -0.288023, 0.954963, -0.133211)

[editable path="Model"]
