[gd_scene format=3 uid="uid://qe51t7cnd8ls"]

[ext_resource type="Script" uid="uid://b67p4er5pdntl" path="res://Scripts/Characters/CharacterController.gd" id="1_f7t6p"]
[ext_resource type="Texture2D" uid="uid://pjqiv0a6gq37" path="res://Textures/Characters/Pufferson/Cards/avatar_big.png" id="2_4ydor"]
[ext_resource type="PackedScene" uid="uid://cbljabamec4yv" path="res://Prefabs/Characters/Common/GameplayAnimationTreeV2.tscn" id="3_vvvyk"]
[ext_resource type="PackedScene" uid="uid://cnwwwjk7llw03" path="res://Prefabs/Characters/Common/TauntAnimationTree.tscn" id="4_7nl8l"]
[ext_resource type="PackedScene" uid="uid://8c1bg7a2pj75" path="res://Prefabs/Weapons/FlameGun/FlameGun.tscn" id="5_f7t6p"]
[ext_resource type="PackedScene" uid="uid://iotc8s2lo1q" path="res://Models/Characters/Pufferson/Pufferson.glb" id="6_7cy2y"]
[ext_resource type="PackedScene" uid="uid://bmuljmi6fxn4h" path="res://Prefabs/Characters/Common/Hitboxes.tscn" id="7_vvvyk"]
[ext_resource type="PackedScene" uid="uid://bexuiaqh7fwn0" path="res://Prefabs/Characters/Common/Fists.tscn" id="8_7nl8l"]
[ext_resource type="AnimationLibrary" uid="uid://vfmegwigbpp6" path="res://Animations/Libraries/Lower Body.res" id="9_3gwpf"]
[ext_resource type="AnimationLibrary" uid="uid://dge8odbv61k4d" path="res://Animations/Libraries/Hit Reactions.res" id="9_4ydor"]
[ext_resource type="AnimationLibrary" uid="uid://ctr3odfdjnyok" path="res://Animations/Libraries/Taunts.res" id="10_dt7jj"]
[ext_resource type="AnimationLibrary" uid="uid://dnhupqy51bnxj" path="res://Animations/Libraries/Upper Body.res" id="11_7axyf"]
[ext_resource type="Script" uid="uid://bosu3x1t1to4" path="res://Scripts/Characters/CharacterSFXController.gd" id="12_imaf8"]
[ext_resource type="AudioStream" uid="uid://cp6a3rheknba1" path="res://Sound/Characters/Hound/Taunts/Entrance.wav" id="13_bm7m5"]
[ext_resource type="AudioStream" uid="uid://ciqdealm8lwi7" path="res://Sound/Characters/Hound/Taunts/Win.wav" id="14_gf7h2"]
[ext_resource type="AudioStream" uid="uid://dgar85868g1kl" path="res://Sound/Characters/Hound/Taunts/Lose.wav" id="15_h4uj3"]
[ext_resource type="PackedScene" uid="uid://blgqvbxjfjr68" path="res://Prefabs/Characters/Common/SFX/Common.tscn" id="16_x7i8b"]
[ext_resource type="AudioStream" uid="uid://ce2bdrrr0kqnq" path="res://Sound/Characters/Hound/Damage/Death.wav" id="17_104x1"]
[ext_resource type="AudioStream" uid="uid://bm3tfn88lx36t" path="res://Sound/Characters/Hound/Damage/Hit 1.wav" id="18_kwvtb"]
[ext_resource type="AudioStream" uid="uid://dppdoj7lspbgl" path="res://Sound/Characters/Hound/Damage/Hit 2.wav" id="19_gkwoq"]
[ext_resource type="AudioStream" uid="uid://cnokd1dyit5dc" path="res://Sound/Characters/Hound/Damage/Hit 3.wav" id="20_0tnqp"]
[ext_resource type="AudioStream" uid="uid://dh6xkhq5lpgyb" path="res://Sound/Characters/Hound/Pickup/Pickup 1.wav" id="21_lkh3n"]
[ext_resource type="AudioStream" uid="uid://bteb0rquuhb21" path="res://Sound/Characters/Hound/Pickup/Pickup 2.wav" id="22_nagol"]
[ext_resource type="AudioStream" uid="uid://qoe8sdn6vmhp" path="res://Sound/Characters/Hound/Pickup/Pickup 3.wav" id="23_mhthj"]
[ext_resource type="AudioStream" uid="uid://cpr78u08q0ult" path="res://Sound/Characters/Hound/Attack/Attack 1.wav" id="24_qcky5"]
[ext_resource type="AudioStream" uid="uid://qepv4xo7cxo7" path="res://Sound/Characters/Hound/Attack/Attack 2.wav" id="25_lgbfb"]
[ext_resource type="AudioStream" uid="uid://cjcldo41sithq" path="res://Sound/Characters/Hound/Attack/Attack 3.wav" id="26_2tpj4"]
[ext_resource type="AudioStream" uid="uid://bh5ws3ip6ahlg" path="res://Sound/Characters/Hound/Specials/Special 1.wav" id="27_b4rmo"]
[ext_resource type="AudioStream" uid="uid://b2dg6upfihhyl" path="res://Sound/Characters/Hound/Specials/Special 2.wav" id="28_tmg5x"]
[ext_resource type="AudioStream" uid="uid://b530ydw3ojk4a" path="res://Sound/Characters/Hound/Specials/Special 3.wav" id="29_nwxbt"]

[sub_resource type="SphereShape3D" id="SphereShape3D_vvvyk"]
radius = 0.23662949

[sub_resource type="CapsuleShape3D" id="CapsuleShape3D_vvvyk"]
radius = 0.28710938
height = 1.0477445

[sub_resource type="CapsuleShape3D" id="CapsuleShape3D_7nl8l"]
radius = 0.045166016
height = 0.09033203

[sub_resource type="CapsuleShape3D" id="CapsuleShape3D_j2f2b"]
radius = 0.045410156
height = 0.10429332

[sub_resource type="CapsuleShape3D" id="CapsuleShape3D_7axyf"]
radius = 0.04638672
height = 0.09277344

[sub_resource type="CapsuleShape3D" id="CapsuleShape3D_7cy2y"]
radius = 0.05419922
height = 0.10839844

[sub_resource type="CapsuleShape3D" id="CapsuleShape3D_v50m7"]
radius = 0.051757813
height = 0.12426758

[sub_resource type="SphereShape3D" id="SphereShape3D_7nl8l"]
radius = 0.0589888

[sub_resource type="SphereShape3D" id="SphereShape3D_j2f2b"]
radius = 0.14885011

[sub_resource type="AudioStreamRandomizer" id="AudioStreamRandomizer_0wb4m"]
streams_count = 3
stream_0/stream = ExtResource("18_kwvtb")
stream_1/stream = ExtResource("19_gkwoq")
stream_2/stream = ExtResource("20_0tnqp")

[sub_resource type="AudioStreamRandomizer" id="AudioStreamRandomizer_fbncw"]
streams_count = 3
stream_0/stream = ExtResource("21_lkh3n")
stream_1/stream = ExtResource("22_nagol")
stream_2/stream = ExtResource("23_mhthj")

[sub_resource type="AudioStreamRandomizer" id="AudioStreamRandomizer_63ifw"]
streams_count = 3
stream_0/stream = ExtResource("24_qcky5")
stream_1/stream = ExtResource("25_lgbfb")
stream_2/stream = ExtResource("26_2tpj4")

[node name="Pufferson" type="Node3D" unique_id=1531387802 node_paths=PackedStringArray("skins", "hitboxes", "fists", "sfx_controller", "body_slot", "right_hand_slot")]
script = ExtResource("1_f7t6p")
character = 5
avatar_big = ExtResource("2_4ydor")
avatar_small = ExtResource("2_4ydor")
skins = [NodePath("Model/Armature/GeneralSkeleton/Cylinder")]
hitboxes = [NodePath("Model/Armature/GeneralSkeleton/Hitboxes/Head/Area3D"), NodePath("Model/Armature/GeneralSkeleton/Hitboxes/Torso/Area3D"), NodePath("Model/Armature/GeneralSkeleton/Hitboxes/HipL/Area3D"), NodePath("Model/Armature/GeneralSkeleton/Hitboxes/ShinL/Area3D"), NodePath("Model/Armature/GeneralSkeleton/Hitboxes/FootL/Area3D"), NodePath("Model/Armature/GeneralSkeleton/Hitboxes/HipR/Area3D"), NodePath("Model/Armature/GeneralSkeleton/Hitboxes/ShinR/Area3D"), NodePath("Model/Armature/GeneralSkeleton/Hitboxes/FootR/Area3D"), NodePath("Model/Armature/GeneralSkeleton/Hitboxes/BicepL/Area3D"), NodePath("Model/Armature/GeneralSkeleton/Hitboxes/TricepL/Area3D"), NodePath("Model/Armature/GeneralSkeleton/Hitboxes/HandL/Area3D"), NodePath("Model/Armature/GeneralSkeleton/Hitboxes/BicepR/Area3D"), NodePath("Model/Armature/GeneralSkeleton/Hitboxes/TricepR/Area3D"), NodePath("Model/Armature/GeneralSkeleton/Hitboxes/HandR/Area3D")]
fists = [NodePath("Model/Armature/GeneralSkeleton/Fists/HandL/RightFist"), NodePath("Model/Armature/GeneralSkeleton/Fists/HandR/LeftFist")]
sfx_controller = NodePath("SFX")
gameplay_animation_tree = ExtResource("3_vvvyk")
taunt_animation_tree = ExtResource("4_7nl8l")
body_slot = NodePath("Model/Armature/GeneralSkeleton/Body Slot")
right_hand_slot = NodePath("Model/Armature/GeneralSkeleton/Right Hand Slot")
initial_loadout = ExtResource("5_f7t6p")

[node name="Model" parent="." unique_id=1819674315 instance=ExtResource("6_7cy2y")]
transform = Transform3D(-1, 0, -8.742278e-08, 0, 1, 0, 8.742278e-08, 0, -1, 0, 0, 0)

[node name="GeneralSkeleton" parent="Model/Armature" index="0"]
bones/0/position = Vector3(4.067669e-05, 0.4045874, 1.5750527e-05)
bones/0/rotation = Quaternion(-0.0049266303, -0.48704395, 0.037235666, 0.87256944)
bones/1/rotation = Quaternion(0.097459525, 0.0032527288, -0.024091817, 0.99494255)
bones/2/rotation = Quaternion(0.10083244, 0.0024877791, -0.04872002, 0.9937067)
bones/3/rotation = Quaternion(-0.36798647, 0.15302734, 0.176277, 0.90005285)
bones/4/rotation = Quaternion(0.92073256, -0.104191355, 0.029003365, -0.37490615)
bones/5/rotation = Quaternion(-0.066134185, 0.63924575, -0.7658137, 0.022813387)
bones/6/rotation = Quaternion(-0.34609425, -0.1582285, -0.14862978, 0.9127386)
bones/7/rotation = Quaternion(0.90987855, -0.052875936, -0.04461315, -0.40906572)
bones/8/rotation = Quaternion(0.15616438, 0.5700196, -0.8027824, -0.07893491)
bones/9/position = Vector3(0.011950179, 0.11878258, 0.05865978)
bones/9/rotation = Quaternion(0.24157083, 0.016703561, -0.11984165, 0.96280974)
bones/11/rotation = Quaternion(-0.15914673, 0.2311521, 0.06040628, 0.95791036)
bones/12/rotation = Quaternion(-0.008667716, 0.2202476, -0.02787134, 0.9750072)
bones/13/position = Vector3(0.019188702, 0.080835916, -0.008232366)
bones/13/rotation = Quaternion(0.4855563, 0.5579608, 0.5370255, -0.40560883)
bones/14/rotation = Quaternion(-0.32271454, -0.21479522, 0.014945598, 0.9216806)
bones/15/rotation = Quaternion(-0.00023846325, 0.0004436075, -0.3678813, 0.92987263)
bones/16/rotation = Quaternion(0.0755037, 0.9710165, 0.12641297, -0.18827057)
bones/17/position = Vector3(-0.019188717, 0.08083593, -0.008232385)
bones/17/rotation = Quaternion(0.48159647, -0.55847275, -0.52970135, -0.419034)
bones/18/rotation = Quaternion(-0.31522468, 0.38880664, -0.1196257, 0.85741043)
bones/19/rotation = Quaternion(-0.06480088, 0.044915583, 0.81657326, 0.57183164)
bones/20/rotation = Quaternion(-0.10104196, 0.9869383, 0.092866644, -0.08437508)

[node name="Cylinder" parent="Model/Armature/GeneralSkeleton" index="0"]
layers = 4

[node name="Hitboxes" parent="Model/Armature/GeneralSkeleton" index="1" unique_id=1667633098 instance=ExtResource("7_vvvyk")]

[node name="Head" parent="Model/Armature/GeneralSkeleton/Hitboxes" index="0"]
transform = Transform3D(0.98654115, -0.15213785, -0.05992171, 0.14447324, 0.9826496, -0.116307944, 0.07657701, 0.106085494, 0.991404, -0.13361204, 0.969311, 0.14478986)
bone_idx = 12

[node name="CollisionShape3D" parent="Model/Armature/GeneralSkeleton/Hitboxes/Head/Area3D" index="0"]
transform = Transform3D(1, 0, 0, 0, 1, 0, 0, 0, 1, -4.5474735e-13, -0.07039761, 0.01017449)
shape = SubResource("SphereShape3D_vvvyk")

[node name="Torso" parent="Model/Armature/GeneralSkeleton/Hitboxes" index="1"]
transform = Transform3D(0.5632248, -0.30578303, -0.76764214, -0.06794367, 0.9087231, -0.4118321, 0.82350564, 0.28411043, 0.49103925, -0.06317092, 0.5040676, 0.03732082)
bone_idx = 2

[node name="CollisionShape3D" parent="Model/Armature/GeneralSkeleton/Hitboxes/Torso/Area3D" index="0"]
transform = Transform3D(1, 2.2351742e-08, 1.2218952e-06, 3.909692e-06, 1.0000029, 3.9115548e-08, 8.940697e-08, -2.9802322e-07, 1.0000007, -2.2351742e-08, 0.15347853, -0.04408458)
shape = SubResource("CapsuleShape3D_vvvyk")

[node name="HipL" parent="Model/Armature/GeneralSkeleton/Hitboxes" index="2"]
transform = Transform3D(0.7685653, 0.13776162, -0.6247632, 0.30931646, 0.77480775, 0.5513587, 0.56002736, -0.61700475, 0.5528783, 0.093076125, 0.08040011, 0.0712061)
bone_idx = 3

[node name="CollisionShape3D" parent="Model/Armature/GeneralSkeleton/Hitboxes/HipL/Area3D" index="0"]
transform = Transform3D(0.99999946, 5.066395e-07, -3.874302e-07, 1.6391277e-07, 1, 2.2649765e-06, 1.3411045e-07, -1.6987324e-06, 0.99999887, 2.9802322e-08, -0.027773065, 8.940697e-08)
shape = SubResource("CapsuleShape3D_7nl8l")

[node name="ShinL" parent="Model/Armature/GeneralSkeleton/Hitboxes" index="3"]
transform = Transform3D(0.7365991, 0.20830676, 0.6434516, 0.12294525, -0.9767773, 0.17547244, 0.66506106, -0.05014342, -0.7451036, 0.09800258, 0.0632838, 0.09424235)
bone_name = "LeftLowerLeg"
bone_idx = 4

[node name="CollisionShape3D" parent="Model/Armature/GeneralSkeleton/Hitboxes/ShinL/Area3D" index="0"]
transform = Transform3D(0.99999964, 3.091991e-07, -5.9604645e-07, -4.0233135e-07, 1, 5.9604645e-08, 8.046627e-07, 4.4703484e-08, 1, -4.4703484e-08, 0.04555673, -1.4901161e-08)
shape = SubResource("CapsuleShape3D_j2f2b")

[node name="FootL" parent="Model/Armature/GeneralSkeleton/Hitboxes" index="4"]
transform = Transform3D(-0.70787054, -0.70632625, 0.004723884, 0.007632995, -0.00096203387, 0.9999704, -0.70630085, 0.7078856, 0.006072253, 0.115658544, -0.018756703, 0.08985346)
bone_name = "LeftFoot"
bone_idx = 5

[node name="CollisionShape3D" parent="Model/Armature/GeneralSkeleton/Hitboxes/FootL/Area3D" index="0"]
transform = Transform3D(0.9999972, -6.556511e-07, -2.8133394e-07, 2.5331974e-07, 0.99998915, 8.3923067e-07, 2.8133368e-07, -8.392319e-07, 1, 5.5744113e-08, 0.0009493384, 0.0009486396)
shape = SubResource("CapsuleShape3D_7axyf")

[node name="HipR" parent="Model/Armature/GeneralSkeleton/Hitboxes" index="5"]
transform = Transform3D(0.19442213, 0.54190487, -0.81764245, -0.22348645, 0.836097, 0.5009945, 0.9551198, 0.085327566, 0.2836641, -0.016472505, 0.07572022, -0.10193923)
bone_idx = 6

[node name="CollisionShape3D" parent="Model/Armature/GeneralSkeleton/Hitboxes/HipR/Area3D" index="0"]
transform = Transform3D(1, 7.450581e-09, 8.940697e-08, -2.9802322e-08, 1, -8.940697e-08, 6.2584877e-07, 2.2351742e-08, 1, 5.7811157e-08, -0.009697877, 3.000979e-08)
shape = SubResource("CapsuleShape3D_7nl8l")

[node name="ShinR" parent="Model/Armature/GeneralSkeleton/Hitboxes" index="6"]
transform = Transform3D(0.2619486, 0.22147623, 0.9393251, -0.33362654, -0.89252114, 0.30347875, 0.9055807, -0.39287955, -0.1599043, -0.03338958, 0.055972554, -0.11504454)
bone_name = "RightLowerLeg"
bone_idx = 7

[node name="CollisionShape3D" parent="Model/Armature/GeneralSkeleton/Hitboxes/ShinR/Area3D" index="0"]
transform = Transform3D(1, 0, 0, 0, 1, 0, 0, 0, 1, 7.21775e-09, 0.029788665, 3.958121e-09)
shape = SubResource("CapsuleShape3D_j2f2b")

[node name="FootR" parent="Model/Armature/GeneralSkeleton/Hitboxes" index="7"]
transform = Transform3D(-0.32939893, -0.94418496, -0.0033925474, -0.0075980313, -0.00094228983, 0.99997073, -0.9441602, 0.32941502, -0.0068635494, -0.014557349, -0.018957555, -0.1480971)
bone_name = "RightFoot"
bone_idx = 8

[node name="CollisionShape3D" parent="Model/Armature/GeneralSkeleton/Hitboxes/FootR/Area3D" index="0"]
transform = Transform3D(1, 1.2397778e-07, -2.8610263e-08, -1.2397778e-07, 1, -3.8146993e-08, 2.8610257e-08, 3.8146997e-08, 1, 3.857931e-09, 0.003442257, 0.010280168)
shape = SubResource("CapsuleShape3D_7axyf")

[node name="BicepL" parent="Model/Armature/GeneralSkeleton/Hitboxes" index="8"]
transform = Transform3D(-0.79426074, 0.382021, 0.4724512, -0.03275329, -0.80338967, 0.5945526, 0.6066936, 0.4567553, 0.6506132, -0.058955494, 0.5713253, 0.12532656)
bone_idx = 14

[node name="CollisionShape3D" parent="Model/Armature/GeneralSkeleton/Hitboxes/BicepL/Area3D" index="0"]
transform = Transform3D(1.0000002, 6.556511e-07, -3.2782555e-07, -6.556511e-07, 1.0000067, 2.3841858e-07, -9.834766e-07, -1.2516975e-06, 1.000004, 1.4901161e-08, 0.008202195, -3.5762787e-07)
shape = SubResource("CapsuleShape3D_7cy2y")

[node name="TricepL" parent="Model/Armature/GeneralSkeleton/Hitboxes" index="9"]
transform = Transform3D(-0.8409478, -0.26515123, 0.47170106, 0.5253777, -0.6087998, 0.59442544, 0.12955868, 0.7477016, 0.65127325, -0.057608705, 0.545796, 0.14957935)
bone_idx = 15

[node name="CollisionShape3D" parent="Model/Armature/GeneralSkeleton/Hitboxes/TricepL/Area3D" index="0"]
transform = Transform3D(0.9999549, 2.026558e-06, -1.1101365e-06, 2.115965e-06, 0.99999416, -3.874302e-07, -4.2542815e-06, 8.940697e-08, 0.99999785, 4.172325e-07, 0.03146121, -3.5762787e-07)
shape = SubResource("CapsuleShape3D_v50m7")

[node name="HandL" parent="Model/Armature/GeneralSkeleton/Hitboxes" index="10"]
transform = Transform3D(0.9269567, -0.3146002, -0.20439738, -0.3137471, -0.351326, -0.88211864, 0.20570463, 0.8818145, -0.42436877, -0.07990675, 0.4965234, 0.21110877)
bone_name = "LeftHand"
bone_idx = 16

[node name="CollisionShape3D" parent="Model/Armature/GeneralSkeleton/Hitboxes/HandL/Area3D" index="0"]
transform = Transform3D(1, 0, 0, 0, 1, 0, 0, 0, 1, 0, -0.012905151, 7.450581e-09)
shape = SubResource("SphereShape3D_7nl8l")

[node name="BicepR" parent="Model/Armature/GeneralSkeleton/Hitboxes" index="11"]
transform = Transform3D(0.9148602, -0.40349567, 0.014898449, -0.26051733, -0.5616858, 0.78526413, -0.3084823, -0.72228837, -0.6189816, -0.12860124, 0.5900762, 0.03319905)
bone_idx = 18

[node name="CollisionShape3D" parent="Model/Armature/GeneralSkeleton/Hitboxes/BicepR/Area3D" index="0"]
transform = Transform3D(1, 2.3841858e-07, 4.172325e-07, -2.9802322e-08, 1.0000014, -2.682209e-07, 1.4901161e-08, -1.1622906e-06, 0.9999999, -8.940697e-08, 0.042949647, -5.9604645e-08)
shape = SubResource("CapsuleShape3D_7cy2y")

[node name="TricepR" parent="Model/Armature/GeneralSkeleton/Hitboxes" index="12"]
transform = Transform3D(-0.68568575, -0.72172266, -0.09461217, -0.5567664, 0.43630216, 0.70686036, -0.46887776, 0.53736085, -0.7009971, -0.15478347, 0.57678884, 0.013713326)
bone_idx = 19

[node name="CollisionShape3D" parent="Model/Armature/GeneralSkeleton/Hitboxes/TricepR/Area3D" index="0"]
transform = Transform3D(1, 5.9604645e-08, 9.685755e-08, 0, 0.9999995, 2.9802322e-08, 2.9802322e-08, -5.9604645e-08, 1, 4.746774e-09, 0.017137654, -1.0214848e-09)
shape = SubResource("CapsuleShape3D_v50m7")

[node name="HandR" parent="Model/Armature/GeneralSkeleton/Hitboxes" index="13"]
transform = Transform3D(0.8031939, -0.5874829, 0.098708495, 0.54807425, 0.6638117, -0.5088897, 0.23344028, 0.4628365, 0.85515386, -0.21335506, 0.613182, 0.057937387)
bone_name = "RightHand"
bone_idx = 20

[node name="CollisionShape3D" parent="Model/Armature/GeneralSkeleton/Hitboxes/HandR/Area3D" index="0"]
transform = Transform3D(1, 0, 0, 0, 1, 0, 0, 0, 1, 3.7252903e-09, -0.020266099, -1.1641532e-10)
shape = SubResource("SphereShape3D_7nl8l")

[node name="Fists" parent="Model/Armature/GeneralSkeleton" index="2" unique_id=2034551123 instance=ExtResource("8_7nl8l")]

[node name="HandL" parent="Model/Armature/GeneralSkeleton/Fists" index="0" unique_id=1272063757]
transform = Transform3D(0.9269567, -0.3146002, -0.20439738, -0.3137471, -0.351326, -0.88211864, 0.20570463, 0.8818145, -0.42436877, -0.07990675, 0.4965234, 0.21110877)
bone_name = "LeftHand"
bone_idx = 16

[node name="CollisionShape3D" parent="Model/Armature/GeneralSkeleton/Fists/HandL/RightFist" parent_id_path=PackedInt32Array(2034551123, 631813799) index="0" unique_id=173894629]
shape = SubResource("SphereShape3D_j2f2b")

[node name="HandR" parent="Model/Armature/GeneralSkeleton/Fists" index="1" unique_id=415397566]
transform = Transform3D(0.8031939, -0.5874829, 0.098708495, 0.54807425, 0.6638117, -0.5088897, 0.23344028, 0.4628365, 0.85515386, -0.21335506, 0.613182, 0.057937387)
bone_name = "RightHand"
bone_idx = 20

[node name="CollisionShape3D" parent="Model/Armature/GeneralSkeleton/Fists/HandR/LeftFist" parent_id_path=PackedInt32Array(2034551123, 59190840) index="0" unique_id=1255486430]
shape = SubResource("SphereShape3D_j2f2b")

[node name="Body Slot" type="BoneAttachment3D" parent="Model/Armature/GeneralSkeleton" index="3" unique_id=310315654]
transform = Transform3D(0.5974821, -0.31870836, -0.73582613, -0.15184139, 0.8560562, -0.49407697, 0.7873751, 0.40693098, 0.463085, -0.0507403, 0.5222454, 0.035666287)
bone_name = "Spine"
bone_idx = 9

[node name="Offset" type="Node3D" parent="Model/Armature/GeneralSkeleton/Body Slot" unique_id=765499624]
transform = Transform3D(1, 0, 0, 0, 1, 0, 0, 0, 1, 1.8335413e-09, 0.17219132, -0.35384232)

[node name="Right Hand Slot" type="BoneAttachment3D" parent="Model/Armature/GeneralSkeleton" index="4" unique_id=804817750]
transform = Transform3D(0.8031939, -0.5874829, 0.098708495, 0.54807425, 0.6638117, -0.5088897, 0.23344028, 0.4628365, 0.85515386, -0.21335506, 0.613182, 0.057937387)
bone_name = "RightHand"
bone_idx = 20

[node name="Offset" type="Node3D" parent="Model/Armature/GeneralSkeleton/Right Hand Slot" unique_id=1316205054]
transform = Transform3D(-4.371139e-08, 1, -4.371139e-08, 0, -4.371139e-08, -1, -1, -4.371139e-08, 1.9106855e-15, 0.024212891, -1.058379e-09, -3.453352e-10)

[node name="AnimationPlayer" type="AnimationPlayer" parent="Model" unique_id=1767661366]
root_node = NodePath("../Armature")
"libraries/Hit Reactions" = ExtResource("9_4ydor")
"libraries/Lower Body" = ExtResource("9_3gwpf")
libraries/Taunts = ExtResource("10_dt7jj")
"libraries/Upper Body" = ExtResource("11_7axyf")

[node name="SFX" type="Node3D" parent="." unique_id=1579092665]
process_mode = 3
script = ExtResource("12_imaf8")

[node name="Taunts" type="Node3D" parent="SFX" unique_id=306897036]

[node name="Entrance" type="AudioStreamPlayer3D" parent="SFX/Taunts" unique_id=2133525309]
stream = ExtResource("13_bm7m5")
volume_db = -15.0
max_db = 0.0
bus = &"Characters"
attenuation_filter_db = 0.0

[node name="Win" type="AudioStreamPlayer3D" parent="SFX/Taunts" unique_id=1773083304]
stream = ExtResource("14_gf7h2")
volume_db = -15.0
max_db = 0.0
bus = &"Characters"
attenuation_filter_db = 0.0

[node name="Lose" type="AudioStreamPlayer3D" parent="SFX/Taunts" unique_id=2137615293]
stream = ExtResource("15_h4uj3")
volume_db = -15.0
max_db = 0.0
max_polyphony = 26
bus = &"Characters"
attenuation_filter_db = 0.0

[node name="Common" parent="SFX" unique_id=265999842 instance=ExtResource("16_x7i8b")]

[node name="Death" type="AudioStreamPlayer3D" parent="SFX" unique_id=1482924207]
transform = Transform3D(1, 0, 0, 0, 1, 0, 0, 0, 1, 0, 1.49041, 0)
stream = ExtResource("17_104x1")
volume_db = -10.0
max_db = 0.0
pitch_scale = 0.64
bus = &"Characters"
attenuation_filter_db = 0.0

[node name="Hit" type="AudioStreamPlayer3D" parent="SFX" unique_id=422630040]
transform = Transform3D(1, 0, 0, 0, 1, 0, 0, 0, 1, 0, 1.49041, 0)
stream = SubResource("AudioStreamRandomizer_0wb4m")
volume_db = -10.0
max_db = 0.0
pitch_scale = 0.64
bus = &"Characters"
attenuation_filter_db = 0.0

[node name="Pickup" type="AudioStreamPlayer3D" parent="SFX" unique_id=950428280]
transform = Transform3D(1, 0, 0, 0, 1, 0, 0, 0, 1, 0, 1.49041, 0)
stream = SubResource("AudioStreamRandomizer_fbncw")
volume_db = -10.0
max_db = 0.0
pitch_scale = 0.64
bus = &"Characters"
attenuation_filter_db = 0.0

[node name="Attack" type="AudioStreamPlayer3D" parent="SFX" unique_id=1996547201]
transform = Transform3D(1, 0, 0, 0, 1, 0, 0, 0, 1, 0, 1.49041, 0)
stream = SubResource("AudioStreamRandomizer_63ifw")
volume_db = -10.0
max_db = 0.0
pitch_scale = 0.64
bus = &"Characters"
attenuation_filter_db = 0.0

[node name="Special 1" type="AudioStreamPlayer3D" parent="SFX" unique_id=1850019292]
transform = Transform3D(1, 0, 0, 0, 1, 0, 0, 0, 1, 0, 1.49041, 0)
stream = ExtResource("27_b4rmo")
volume_db = -10.0
max_db = 0.0
pitch_scale = 0.64
bus = &"Characters"
attenuation_filter_db = 0.0

[node name="Special 2" type="AudioStreamPlayer3D" parent="SFX" unique_id=182222270]
transform = Transform3D(1, 0, 0, 0, 1, 0, 0, 0, 1, 0, 1.49041, 0)
stream = ExtResource("28_tmg5x")
volume_db = -10.0
max_db = 0.0
pitch_scale = 0.64
bus = &"Characters"
attenuation_filter_db = 0.0

[node name="Special 3" type="AudioStreamPlayer3D" parent="SFX" unique_id=1155011913]
transform = Transform3D(1, 0, 0, 0, 1, 0, 0, 0, 1, 0, 1.49041, 0)
stream = ExtResource("29_nwxbt")
volume_db = -10.0
max_db = 0.0
pitch_scale = 0.64
bus = &"Characters"
attenuation_filter_db = 0.0

[editable path="Model"]
[editable path="Model/Armature/GeneralSkeleton/Hitboxes"]
[editable path="Model/Armature/GeneralSkeleton/Fists"]
[editable path="SFX/Common"]
