[gd_scene load_steps=44 format=3 uid="uid://mfit0jyuixrv"]

[ext_resource type="Script" uid="uid://b67p4er5pdntl" path="res://Scripts/Characters/CharacterController.gd" id="1_f8chv"]
[ext_resource type="AnimationLibrary" uid="uid://dfawi7p2j8jjm" path="res://Animations/Characters/Slash/Taunts/Taunts.res" id="2_80p5x"]
[ext_resource type="Texture2D" uid="uid://dormj0yhtc2hy" path="res://Textures/Characters/Slash/Cards/d3f8d987.png" id="2_hkt64"]
[ext_resource type="Texture2D" uid="uid://dlsyrn6e2r4da" path="res://Textures/Characters/Slash/Cards/68aa414a.png" id="3_fqolc"]
[ext_resource type="PackedScene" uid="uid://bbfmrky7xobod" path="res://Prefabs/Weapons/FlameGun/FlameGun.tscn" id="4_26i6c"]
[ext_resource type="Script" uid="uid://bosu3x1t1to4" path="res://Scripts/Characters/CharacterSFXController.gd" id="4_xnrtt"]
[ext_resource type="PackedScene" uid="uid://by84tkb7bmudr" path="res://Models/Characters/Slash/Slash.glb" id="5_8ui2l"]
[ext_resource type="Script" uid="uid://0a1jysr3rwqr" path="res://addons/wigglebone/wiggle_bone.gd" id="5_hm872"]
[ext_resource type="Script" uid="uid://clqr0agw21yiu" path="res://addons/wigglebone/wiggle_properties.gd" id="6_57uy4"]
[ext_resource type="PackedScene" uid="uid://cqjr87ej8gq1o" path="res://Models/Characters/Slash/Skins/Default.tscn" id="6_bb7cu"]
[ext_resource type="PackedScene" uid="uid://gnd1heqe2in2" path="res://Models/Characters/Slash/Skins/Skin1.tscn" id="6_oiy26"]
[ext_resource type="Texture2D" uid="uid://qo0i1lcfs8q3" path="res://Textures/Characters/Slash/Skins/Default/f589e076.png" id="7_50xhm"]
[ext_resource type="AnimationLibrary" uid="uid://bn2jl2d4npbkc" path="res://Animations/Characters/Slash/Lower Body.res" id="7_n3yaf"]
[ext_resource type="PackedScene" uid="uid://blgqvbxjfjr68" path="res://Prefabs/Characters/Common/SFX/Common.tscn" id="8_l354p"]
[ext_resource type="PackedScene" uid="uid://4i33m2xbmnaq" path="res://Models/Characters/Slash/Skins/Skin2.tscn" id="8_nu3rw"]
[ext_resource type="Texture2D" uid="uid://tkn1umjwsirn" path="res://Textures/Characters/Slash/f589e076_spec.png" id="8_tvtad"]
[ext_resource type="PackedScene" uid="uid://fndbbfkc4b6l" path="res://Models/Characters/Slash/Skins/Skin3.tscn" id="9_veopt"]
[ext_resource type="AnimationLibrary" uid="uid://b3yjrnykuy5ye" path="res://Animations/Characters/Slash/Upper Body.res" id="9_xb46u"]
[ext_resource type="AudioStream" uid="uid://citc7ltmti8jj" path="res://Sound/Characters/Slash/Taunts/Entrance.wav" id="11_puls0"]
[ext_resource type="PackedScene" uid="uid://bmuljmi6fxn4h" path="res://Prefabs/Characters/Common/Hitboxes.tscn" id="12_pelfc"]
[ext_resource type="AudioStream" uid="uid://dx5w5kgydqstp" path="res://Sound/Characters/Slash/Taunts/Win.wav" id="12_xotd3"]
[ext_resource type="PackedScene" uid="uid://bexuiaqh7fwn0" path="res://Prefabs/Characters/Common/Fists.tscn" id="13_ncch2"]
[ext_resource type="AudioStream" uid="uid://ueewreyl8s8t" path="res://Sound/Characters/Slash/Taunts/Lose.wav" id="13_vm26t"]
[ext_resource type="AudioStream" uid="uid://1encynnmgsof" path="res://Sound/Characters/Slash/Pickup/Pickup 1.wav" id="19_7btxk"]
[ext_resource type="AudioStream" uid="uid://cfn5r2xt6j3tg" path="res://Sound/Characters/Slash/Damage/Death.wav" id="20_bw08s"]
[ext_resource type="AudioStream" uid="uid://c3axjhuungq6e" path="res://Sound/Characters/Slash/Pickup/Pickup 2.wav" id="20_sy4wi"]
[ext_resource type="AudioStream" uid="uid://ds74eshpysev" path="res://Sound/Characters/Slash/Pickup/Pickup 3.wav" id="21_juxjm"]
[ext_resource type="AudioStream" uid="uid://1jmehbhufpkm" path="res://Sound/Characters/Slash/Damage/Hit 1.wav" id="21_u88wp"]
[ext_resource type="AudioStream" uid="uid://pjq5kc2a60ld" path="res://Sound/Characters/Slash/Damage/Hit 2.wav" id="22_gbnv4"]
[ext_resource type="AudioStream" uid="uid://cdaypk0x07jl7" path="res://Sound/Characters/Slash/Attacks/Attack 1.wav" id="22_uhfr1"]
[ext_resource type="AudioStream" uid="uid://7mn1rj0at3xq" path="res://Sound/Characters/Slash/Attacks/Attack 2.wav" id="23_7vqp0"]
[ext_resource type="AudioStream" uid="uid://coegnal2utecv" path="res://Sound/Characters/Slash/Damage/Hit 3.wav" id="23_qola4"]
[ext_resource type="AudioStream" uid="uid://n87ersfjc8kp" path="res://Sound/Characters/Slash/Attacks/Attack 3.wav" id="24_8u1i0"]
[ext_resource type="AudioStream" uid="uid://cxxuwadf5rhi4" path="res://Sound/Characters/Slash/Specials/Special 1.wav" id="25_0f2xv"]
[ext_resource type="AudioStream" uid="uid://2o2sxtx02n8c" path="res://Sound/Characters/Slash/Specials/Special 2.wav" id="26_mf33d"]
[ext_resource type="AudioStream" uid="uid://cid7ihc3iljle" path="res://Sound/Characters/Slash/Specials/Special 3.wav" id="27_5h6o0"]

[sub_resource type="StandardMaterial3D" id="StandardMaterial3D_rywok"]
resource_local_to_scene = true
albedo_texture = ExtResource("7_50xhm")
ao_enabled = true
ao_texture = ExtResource("8_tvtad")
detail_enabled = true
detail_albedo = ExtResource("7_50xhm")

[sub_resource type="Resource" id="Resource_c5sm1"]
script = ExtResource("6_57uy4")
mode = 0
stiffness = 0.1
damping = 0.3
gravity = Vector3(0, 0, 0)
length = 0.3
max_distance = 0.1
max_degrees = 60.0

[sub_resource type="Animation" id="Animation_cg0js"]
length = 0.001
tracks/0/type = "value"
tracks/0/imported = false
tracks/0/enabled = true
tracks/0/path = NodePath(".:position")
tracks/0/interp = 1
tracks/0/loop_wrap = true
tracks/0/keys = {
"times": PackedFloat32Array(0),
"transitions": PackedFloat32Array(1),
"update": 0,
"values": [Vector3(0, 0.1, 0)]
}

[sub_resource type="AnimationLibrary" id="AnimationLibrary_amjou"]
_data = {
&"RESET": SubResource("Animation_cg0js")
}

[sub_resource type="AudioStreamRandomizer" id="AudioStreamRandomizer_wcxgy"]
streams_count = 3
stream_0/stream = ExtResource("21_u88wp")
stream_1/stream = ExtResource("22_gbnv4")
stream_2/stream = ExtResource("23_qola4")

[sub_resource type="AudioStreamRandomizer" id="AudioStreamRandomizer_mmo7c"]
streams_count = 3
stream_0/stream = ExtResource("19_7btxk")
stream_1/stream = ExtResource("20_sy4wi")
stream_2/stream = ExtResource("21_juxjm")

[sub_resource type="AudioStreamRandomizer" id="AudioStreamRandomizer_greny"]
streams_count = 3
stream_0/stream = ExtResource("22_uhfr1")
stream_1/stream = ExtResource("23_7vqp0")
stream_2/stream = ExtResource("24_8u1i0")

[node name="Slash" type="Node3D" node_paths=PackedStringArray("skins", "hitboxes", "fists", "jiggle_bones", "sfx_controller", "body_slot", "right_hand_slot")]
script = ExtResource("1_f8chv")
character = 1
avatar_big = ExtResource("2_hkt64")
avatar_small = ExtResource("3_fqolc")
skins = [NodePath("Model/Armature/Default"), NodePath("Model/Armature/Skin1"), NodePath("Model/Armature/Skin2"), NodePath("Model/Armature/Skin3")]
stat_speed = 3
stat_power = 2
hitboxes = [NodePath("Model/Armature/Skeleton3D/Hitboxes/Head/Area3D"), NodePath("Model/Armature/Skeleton3D/Hitboxes/Torso/Area3D"), NodePath("Model/Armature/Skeleton3D/Hitboxes/HipL/Area3D"), NodePath("Model/Armature/Skeleton3D/Hitboxes/ShinL/Area3D"), NodePath("Model/Armature/Skeleton3D/Hitboxes/FootL/Area3D"), NodePath("Model/Armature/Skeleton3D/Hitboxes/HipR/Area3D"), NodePath("Model/Armature/Skeleton3D/Hitboxes/ShinR/Area3D"), NodePath("Model/Armature/Skeleton3D/Hitboxes/FootR/Area3D"), NodePath("Model/Armature/Skeleton3D/Hitboxes/BicepL/Area3D"), NodePath("Model/Armature/Skeleton3D/Hitboxes/TricepL/Area3D"), NodePath("Model/Armature/Skeleton3D/Hitboxes/HandL/Area3D"), NodePath("Model/Armature/Skeleton3D/Hitboxes/BicepR/Area3D"), NodePath("Model/Armature/Skeleton3D/Hitboxes/TricepR/Area3D"), NodePath("Model/Armature/Skeleton3D/Hitboxes/HandR/Area3D")]
fists = [NodePath("Model/Armature/Skeleton3D/Fists/HandL/Fist"), NodePath("Model/Armature/Skeleton3D/Fists/HandR/Fist")]
jiggle_bones = [NodePath("Model/Armature/Skeleton3D/BoobJiggle_L"), NodePath("Model/Armature/Skeleton3D/BoobJiggle_R")]
sfx_controller = NodePath("SFX")
body_slot = NodePath("Model/Armature/Skeleton3D/Body Slot")
right_hand_slot = NodePath("Model/Armature/Skeleton3D/Right Hand Slot")
initial_loadout = ExtResource("4_26i6c")

[node name="Model" parent="." instance=ExtResource("5_8ui2l")]
transform = Transform3D(-1, 0, -8.74228e-08, 0, 1, 0, 8.74228e-08, 0, -1, 0, 0.1, 0)

[node name="Armature" parent="Model" index="0"]
transform = Transform3D(1, 0, 0, 0, 1, 0, 0, 0, 1, 0, 0, 0)

[node name="Default" parent="Model/Armature" index="0" instance=ExtResource("6_bb7cu")]
surface_material_override/3 = SubResource("StandardMaterial3D_rywok")

[node name="Skin1" parent="Model/Armature" index="1" instance=ExtResource("6_oiy26")]
visible = false
script = null

[node name="Skin2" parent="Model/Armature" index="2" instance=ExtResource("8_nu3rw")]
visible = false
script = null

[node name="Skin3" parent="Model/Armature" index="3" instance=ExtResource("9_veopt")]
visible = false
script = null

[node name="Skeleton3D" parent="Model/Armature" index="4"]
bones/0/position = Vector3(0.787353, 1.3091, -0.692334)
bones/0/rotation = Quaternion(-0.49735, 0.502636, -0.502636, 0.49735)
bones/1/position = Vector3(0.377811, 0.404233, 0.755394)
bones/1/rotation = Quaternion(0.707107, 5.33851e-08, 5.33851e-08, 0.707107)
bones/2/position = Vector3(0.24132, 0.125872, 0.150529)
bones/2/rotation = Quaternion(0.877691, -0.0360352, 0.0668425, 0.473173)
bones/3/position = Vector3(-0.0236415, 1.3361, 0.707735)
bones/3/rotation = Quaternion(0.707107, -1.37679e-07, -1.37679e-07, 0.707107)
bones/4/position = Vector3(2.20996e-16, 0.73489, -0.0745371)
bones/4/rotation = Quaternion(0, -0.365154, 0, 0.930947)
bones/5/position = Vector3(-1.30026e-09, -8.77022e-09, -7.80567e-09)
bones/5/rotation = Quaternion(0.151144, 0.159373, -0.0245526, 0.975271)
bones/6/rotation = Quaternion(-0.121255, -0.168692, 0.0933068, 0.973722)
bones/7/rotation = Quaternion(0.808812, 0.177226, -0.324917, 0.456994)
bones/8/rotation = Quaternion(0.433662, 4.39423e-09, 1.37123e-07, 0.901076)
bones/8/scale = Vector3(1, 1, 1)
bones/9/rotation = Quaternion(-0.520548, 0.16512, 0.186325, 0.81673)
bones/10/rotation = Quaternion(0.902357, -0.168044, 0.188074, 0.349489)
bones/11/rotation = Quaternion(0.477082, 2.01228e-09, -1.11292e-07, 0.878859)
bones/11/scale = Vector3(1, 1, 1)
bones/12/rotation = Quaternion(-0.677365, -0.173927, -0.197101, 0.687079)
bones/13/position = Vector3(6.19672e-10, 0.281348, 0.0565469)
bones/13/rotation = Quaternion(-0.707107, -8.42937e-08, 8.42937e-08, 0.707107)
bones/13/scale = Vector3(1, 1, 1)
bones/14/position = Vector3(0.000132291, 8.22898e-05, -0.00106313)
bones/14/rotation = Quaternion(0.660484, -2.36583e-14, -1.57472e-07, 0.75084)
bones/15/rotation = Quaternion(0.0638916, -7.32147e-09, -1.74877e-08, 0.997957)
bones/15/scale = Vector3(1, 1, 1)
bones/16/rotation = Quaternion(0.653116, 0.260394, -0.25642, 0.663237)
bones/17/position = Vector3(0.0416225, 0.176188, 0.00464885)
bones/17/rotation = Quaternion(0.0162141, 0.0703316, -0.706514, 0.704009)
bones/17/scale = Vector3(1, 1, 1)
bones/18/rotation = Quaternion(0.0891216, 0.0658668, -0.393194, 0.912753)
bones/18/scale = Vector3(1, 1, 1)
bones/19/rotation = Quaternion(0.510004, 2.4481e-06, 0.0767794, 0.856738)
bones/20/rotation = Quaternion(0.15888, -0.188342, -0.0826817, 0.965634)
bones/20/scale = Vector3(1, 1, 1)
bones/21/rotation = Quaternion(-5.47673e-08, 1.23735e-08, 0.707107, 0.707107)
bones/22/position = Vector3(0.236932, -0.269743, 0.255313)
bones/22/rotation = Quaternion(0.221455, -0.635343, -0.730224, 0.118614)
bones/23/position = Vector3(-0.042381, 0.187138, 0.00484252)
bones/23/rotation = Quaternion(0.102394, 0.0209151, 0.700375, 0.706083)
bones/23/scale = Vector3(1, 1, 1)
bones/24/rotation = Quaternion(-0.135753, -0.214697, 0.46009, 0.850761)
bones/24/scale = Vector3(1, 1, 1)
bones/25/rotation = Quaternion(0.847394, -1.451e-06, -0.127573, 0.51541)
bones/26/rotation = Quaternion(0.0337608, 0.249884, 0.222016, 0.941874)
bones/26/scale = Vector3(1, 1, 1)
bones/27/rotation = Quaternion(-7.13228e-08, -1.92566e-08, -0.707107, 0.707107)
bones/28/position = Vector3(-0.119178, -0.202827, 0.124282)
bones/28/rotation = Quaternion(0.269123, 0.63617, 0.713061, -0.120016)
bones/29/rotation = Quaternion(0.413613, 0.349315, 0.840764, -0.00447071)
bones/30/rotation = Quaternion(-0.413613, 0.349315, 0.840764, 0.00447073)
bones/30/scale = Vector3(1, 1, 1)
bones/31/position = Vector3(-0.122186, 1.00633, -0.677365)
bones/31/rotation = Quaternion(0.49735, 0.502636, -0.502636, -0.49735)
bones/32/position = Vector3(-0.712804, 0.691272, 0.466946)
bones/32/rotation = Quaternion(0.707107, -5.33851e-08, -5.33851e-08, 0.707107)
bones/33/position = Vector3(-0.199665, 0.125872, -0.236088)
bones/33/rotation = Quaternion(0.863059, -0.093279, 0.173023, 0.465285)

[node name="BoobJiggle_L" type="BoneAttachment3D" parent="Model/Armature/Skeleton3D" index="0"]
transform = Transform3D(-0.929088, -0.241716, 0.279943, 0.368236, -0.675315, 0.639025, 0.034587, 0.696796, 0.716436, -0.027064, 1.16431, 0.0217683)
bone_name = "Boob.L"
bone_idx = 29
script = ExtResource("5_hm872")
properties = SubResource("Resource_c5sm1")

[node name="BoobJiggle_R" type="BoneAttachment3D" parent="Model/Armature/Skeleton3D" index="1"]
transform = Transform3D(-0.0356866, -0.676548, -0.735533, -0.368237, -0.675314, 0.639024, -0.929047, 0.293655, -0.22503, -0.0937921, 1.16431, -0.0400965)
bone_name = "Boob.R"
bone_idx = 30
script = ExtResource("5_hm872")
properties = SubResource("Resource_c5sm1")

[node name="Body Slot" type="BoneAttachment3D" parent="Model/Armature/Skeleton3D" index="2"]
transform = Transform3D(0.733325, 0.679878, -1.74838e-07, 2.38419e-07, 0, 1, 0.679878, -0.733325, -1.62096e-07, -0.038445, 1.01624, -0.0330698)
bone_name = "CoreIK"
bone_idx = 13

[node name="Offset" type="Node3D" parent="Model/Armature/Skeleton3D/Body Slot"]
transform = Transform3D(1, 0, 0, 0, -4.37114e-08, -1, 0, 1, -4.37114e-08, 0, 0.2, 0)

[node name="Right Hand Slot" type="BoneAttachment3D" parent="Model/Armature/Skeleton3D" index="3"]
transform = Transform3D(-0.981107, -0.0298181, 0.191155, 0.193452, -0.163341, 0.967417, 0.00237705, 0.986119, 0.166023, -0.289731, 1.00378, -0.0761781)
bone_name = "Hand.R"
bone_idx = 26

[node name="Offset" type="Node3D" parent="Model/Armature/Skeleton3D/Right Hand Slot"]
transform = Transform3D(1, 0, 0, 0, -4.37114e-08, -1, 0, 1, -4.37114e-08, 5.96046e-08, 0.0638229, -0.0110896)

[node name="Hitboxes" parent="Model/Armature/Skeleton3D" index="4" instance=ExtResource("12_pelfc")]

[node name="Head" parent="Model/Armature/Skeleton3D/Hitboxes" index="0"]
transform = Transform3D(1, 0.000642926, 1.08387e-05, 9.49487e-07, 0.0153761, -0.999882, -0.000643164, 0.999882, 0.0153762, -0.0241282, 1.31811, -0.0483175)

[node name="Torso" parent="Model/Armature/Skeleton3D/Hitboxes" index="1"]
transform = Transform3D(0.696241, -0.142341, -0.703553, 0.11987, 0.989434, -0.0815556, 0.707728, -0.0275524, 0.705947, -0.0203313, 0.890326, -0.0295636)

[node name="HipL" parent="Model/Armature/Skeleton3D/Hitboxes" index="2"]
transform = Transform3D(0.932491, 0.352328, -0.0795359, 0.198491, -0.683837, -0.702117, -0.301765, 0.638931, -0.707605, 0.0557551, 0.74925, -0.0128512)

[node name="ShinL" parent="Model/Armature/Skeleton3D/Hitboxes" index="3"]
transform = Transform3D(0.932491, 0.157649, -0.324973, 0.198491, -0.97535, 0.0964017, -0.301765, -0.154398, -0.940797, 0.179332, 0.509399, 0.21125)

[node name="FootL" parent="Model/Armature/Skeleton3D/Hitboxes" index="4"]
transform = Transform3D(0.988467, -0.126515, 0.0832342, 2.86847e-07, -0.549617, -0.835416, 0.151439, 0.825781, -0.543278, 0.241326, 0.125853, 0.150535)

[node name="HipR" parent="Model/Armature/Skeleton3D/Hitboxes" index="5"]
transform = Transform3D(0.638045, -0.53145, 0.557189, -0.301774, -0.838324, -0.454032, 0.7084, 0.121548, -0.695267, -0.0831511, 0.749207, -0.0754964)

[node name="ShinR" parent="Model/Armature/Skeleton3D/Hitboxes" index="6"]
transform = Transform3D(0.638045, 0.177719, 0.749209, -0.301774, -0.837447, 0.455648, 0.7084, -0.516816, -0.480698, -0.269554, 0.455169, -0.0328641)

[node name="FootR" parent="Model/Armature/Skeleton3D/Hitboxes" index="7"]
transform = Transform3D(0.922724, -0.322021, 0.211853, -3.47197e-06, -0.549619, -0.835415, 0.385461, 0.770858, -0.507148, -0.199668, 0.125853, -0.236096)

[node name="BicepL" parent="Model/Armature/Skeleton3D/Hitboxes" index="8"]
transform = Transform3D(-0.441072, 0.452214, -0.775215, -0.676948, -0.734748, -0.0434464, -0.589235, 0.505617, 0.630202, 0.0614528, 1.18989, 0.0275209)

[node name="TricepL" parent="Model/Armature/Skeleton3D/Hitboxes" index="9"]
transform = Transform3D(-0.437086, -0.407783, -0.801667, -0.769034, -0.292773, 0.568218, -0.466415, 0.864869, -0.185632, 0.184279, 0.990323, 0.164852)

[node name="HandL" parent="Model/Armature/Skeleton3D/Hitboxes" index="10"]
transform = Transform3D(-0.581116, -0.696206, -0.421427, -0.447934, -0.158715, 0.879866, -0.679455, 0.700076, -0.219623, 0.0854633, 0.919377, 0.374432)

[node name="BicepR" parent="Model/Armature/Skeleton3D/Hitboxes" index="11"]
transform = Transform3D(-0.825753, -0.236951, -0.511846, 0.503783, -0.717933, -0.48039, -0.253642, -0.654543, 0.712207, -0.117627, 1.20287, -0.115412)

[node name="TricepR" parent="Model/Armature/Skeleton3D/Hitboxes" index="12"]
transform = Transform3D(-0.657049, -0.444632, 0.60876, 0.685663, -0.0168797, 0.727724, -0.313294, 0.895554, 0.315958, -0.181986, 1.00787, -0.293193)

[node name="HandR" parent="Model/Armature/Skeleton3D/Hitboxes" index="13"]
transform = Transform3D(-0.981107, -0.0298181, 0.191155, 0.193452, -0.163341, 0.967417, 0.00237705, 0.986119, 0.166023, -0.289731, 1.00378, -0.0761781)

[node name="Fists" parent="Model/Armature/Skeleton3D" index="5" instance=ExtResource("13_ncch2")]

[node name="HandL" parent="Model/Armature/Skeleton3D/Fists" index="0"]
transform = Transform3D(-0.581116, -0.696206, -0.421427, -0.447934, -0.158715, 0.879866, -0.679455, 0.700076, -0.219623, 0.0854633, 0.919377, 0.374432)

[node name="HandR" parent="Model/Armature/Skeleton3D/Fists" index="1"]
transform = Transform3D(-0.981107, -0.0298181, 0.191155, 0.193452, -0.163341, 0.967417, 0.00237705, 0.986119, 0.166023, -0.289731, 1.00378, -0.0761781)

[node name="Slash" parent="Model/Armature/Skeleton3D" index="6"]
visible = false

[node name="AnimationPlayer" parent="Model" index="1"]
libraries = {
&"": SubResource("AnimationLibrary_amjou"),
&"Lower Body": ExtResource("7_n3yaf"),
&"Taunts": ExtResource("2_80p5x"),
&"Upper Body": ExtResource("9_xb46u")
}

[node name="SFX" type="Node3D" parent="."]
process_mode = 3
script = ExtResource("4_xnrtt")

[node name="Taunts" type="Node3D" parent="SFX"]

[node name="Entrance" type="AudioStreamPlayer3D" parent="SFX/Taunts"]
stream = ExtResource("11_puls0")
volume_db = -15.0
max_db = 0.0
bus = &"Characters"
attenuation_filter_db = 0.0

[node name="Win" type="AudioStreamPlayer3D" parent="SFX/Taunts"]
stream = ExtResource("12_xotd3")
volume_db = -15.0
max_db = 0.0
bus = &"Characters"
attenuation_filter_db = 0.0

[node name="Lose" type="AudioStreamPlayer3D" parent="SFX/Taunts"]
stream = ExtResource("13_vm26t")
volume_db = -15.0
max_db = 0.0
bus = &"Characters"
attenuation_filter_db = 0.0

[node name="Common" parent="SFX" instance=ExtResource("8_l354p")]

[node name="Death" type="AudioStreamPlayer3D" parent="SFX"]
transform = Transform3D(1, 0, 0, 0, 1, 0, 0, 0, 1, 0, 1.49041, 0)
stream = ExtResource("20_bw08s")
volume_db = -10.0
max_db = 0.0
pitch_scale = 0.64
bus = &"Characters"
attenuation_filter_db = 0.0

[node name="Hit" type="AudioStreamPlayer3D" parent="SFX"]
transform = Transform3D(1, 0, 0, 0, 1, 0, 0, 0, 1, 0, 1.49041, 0)
stream = SubResource("AudioStreamRandomizer_wcxgy")
volume_db = -10.0
max_db = 0.0
pitch_scale = 0.64
bus = &"Characters"
attenuation_filter_db = 0.0

[node name="Pickup" type="AudioStreamPlayer3D" parent="SFX"]
transform = Transform3D(1, 0, 0, 0, 1, 0, 0, 0, 1, 0, 1.49041, 0)
stream = SubResource("AudioStreamRandomizer_mmo7c")
volume_db = -10.0
max_db = 0.0
pitch_scale = 0.64
bus = &"Characters"
attenuation_filter_db = 0.0

[node name="Attack" type="AudioStreamPlayer3D" parent="SFX"]
transform = Transform3D(1, 0, 0, 0, 1, 0, 0, 0, 1, 0, 1.49041, 0)
stream = SubResource("AudioStreamRandomizer_greny")
volume_db = -10.0
max_db = 0.0
pitch_scale = 0.64
bus = &"Characters"
attenuation_filter_db = 0.0

[node name="Special 1" type="AudioStreamPlayer3D" parent="SFX"]
transform = Transform3D(1, 0, 0, 0, 1, 0, 0, 0, 1, 0, 1.49041, 0)
stream = ExtResource("25_0f2xv")
volume_db = -10.0
max_db = 0.0
pitch_scale = 0.64
bus = &"Characters"
attenuation_filter_db = 0.0

[node name="Special 2" type="AudioStreamPlayer3D" parent="SFX"]
transform = Transform3D(1, 0, 0, 0, 1, 0, 0, 0, 1, 0, 1.49041, 0)
stream = ExtResource("26_mf33d")
volume_db = -10.0
max_db = 0.0
pitch_scale = 0.64
bus = &"Characters"
attenuation_filter_db = 0.0

[node name="Special 3" type="AudioStreamPlayer3D" parent="SFX"]
transform = Transform3D(1, 0, 0, 0, 1, 0, 0, 0, 1, 0, 1.49041, 0)
stream = ExtResource("27_5h6o0")
volume_db = -10.0
max_db = 0.0
pitch_scale = 0.64
bus = &"Characters"
attenuation_filter_db = 0.0

[node name="Camera3D" type="Camera3D" parent="."]
transform = Transform3D(-1, 0, -8.74228e-08, 0, 1, 0, 8.74228e-08, 0, -1, 0.0596851, 1.45325, -0.438274)

[editable path="Model"]
[editable path="Model/Armature/Skeleton3D/Hitboxes"]
[editable path="Model/Armature/Skeleton3D/Fists"]
[editable path="SFX/Common"]
