[gd_scene load_steps=52 format=3 uid="uid://cdnhk1pdg5l12"]

[ext_resource type="PackedScene" uid="uid://dqqd6ue624eqy" path="res://Models/Characters/Slash/Slash.glb" id="1_8wfds"]
[ext_resource type="Script" uid="uid://b67p4er5pdntl" path="res://Scripts/Characters/CharacterController.gd" id="1_rxafh"]
[ext_resource type="Texture2D" uid="uid://dormj0yhtc2hy" path="res://Textures/Characters/Slash/Cards/d3f8d987.png" id="2_gjt6c"]
[ext_resource type="AnimationLibrary" uid="uid://vfmegwigbpp6" path="res://Animations/Libraries/Lower Body.res" id="2_j3040"]
[ext_resource type="AnimationLibrary" uid="uid://dosm4en367hat" path="res://Animations/Characters/Slash/Taunts.res" id="3_c7blb"]
[ext_resource type="Texture2D" uid="uid://dlsyrn6e2r4da" path="res://Textures/Characters/Slash/Cards/68aa414a.png" id="3_msvhg"]
[ext_resource type="Script" uid="uid://0a1jysr3rwqr" path="res://addons/wigglebone/wiggle_bone.gd" id="3_y61a5"]
[ext_resource type="Script" uid="uid://clqr0agw21yiu" path="res://addons/wigglebone/wiggle_properties.gd" id="4_fu0jm"]
[ext_resource type="PackedScene" uid="uid://cbljabamec4yv" path="res://Prefabs/Characters/Common/GameplayAnimationTreeV2.tscn" id="4_rwktk"]
[ext_resource type="AnimationLibrary" uid="uid://dnhupqy51bnxj" path="res://Animations/Libraries/Upper Body.res" id="4_tt1ck"]
[ext_resource type="PackedScene" uid="uid://bmuljmi6fxn4h" path="res://Prefabs/Characters/Common/Hitboxes.tscn" id="5_gjt6c"]
[ext_resource type="PackedScene" uid="uid://cnwwwjk7llw03" path="res://Prefabs/Characters/Common/TauntAnimationTree.tscn" id="5_hhmb0"]
[ext_resource type="Script" uid="uid://bosu3x1t1to4" path="res://Scripts/Characters/CharacterSFXController.gd" id="5_yfynj"]
[ext_resource type="PackedScene" uid="uid://bbfmrky7xobod" path="res://Prefabs/Weapons/FlameGun/FlameGun.tscn" id="6_hhmb0"]
[ext_resource type="PackedScene" uid="uid://bexuiaqh7fwn0" path="res://Prefabs/Characters/Common/Fists.tscn" id="6_msvhg"]
[ext_resource type="AudioStream" uid="uid://citc7ltmti8jj" path="res://Sound/Characters/Slash/Taunts/Entrance.wav" id="6_u1owl"]
[ext_resource type="AudioStream" uid="uid://dx5w5kgydqstp" path="res://Sound/Characters/Slash/Taunts/Win.wav" id="7_y61a5"]
[ext_resource type="AudioStream" uid="uid://ueewreyl8s8t" path="res://Sound/Characters/Slash/Taunts/Lose.wav" id="8_fu0jm"]
[ext_resource type="PackedScene" uid="uid://cglrt740g5kfb" path="res://Models/Characters/Slash/Skins/Default.tscn" id="8_nowrf"]
[ext_resource type="PackedScene" uid="uid://blgqvbxjfjr68" path="res://Prefabs/Characters/Common/SFX/Common.tscn" id="9_gjt6c"]
[ext_resource type="PackedScene" uid="uid://dsrmij1xfjshh" path="res://Models/Characters/Slash/Skins/Skin1.tscn" id="9_twjt3"]
[ext_resource type="Texture2D" uid="uid://qo0i1lcfs8q3" path="res://Textures/Characters/Slash/Skins/Default/f589e076.png" id="9_wmxk3"]
[ext_resource type="PackedScene" uid="uid://c3qip1at3pftc" path="res://Models/Characters/Slash/Skins/Skin2.tscn" id="10_7357b"]
[ext_resource type="AudioStream" uid="uid://cfn5r2xt6j3tg" path="res://Sound/Characters/Slash/Damage/Death.wav" id="10_msvhg"]
[ext_resource type="Texture2D" uid="uid://tkn1umjwsirn" path="res://Textures/Characters/Slash/f589e076_spec.png" id="10_p30er"]
[ext_resource type="PackedScene" uid="uid://t7t8hytne6s" path="res://Models/Characters/Slash/Skins/Skin3.tscn" id="11_n3uxg"]
[ext_resource type="AudioStream" uid="uid://1jmehbhufpkm" path="res://Sound/Characters/Slash/Damage/Hit 1.wav" id="11_rwktk"]
[ext_resource type="AudioStream" uid="uid://pjq5kc2a60ld" path="res://Sound/Characters/Slash/Damage/Hit 2.wav" id="12_hhmb0"]
[ext_resource type="Texture2D" uid="uid://b6xm60kwunxfg" path="res://Textures/Characters/Slash/Skins/A/f589e076.png" id="12_mjju6"]
[ext_resource type="AudioStream" uid="uid://coegnal2utecv" path="res://Sound/Characters/Slash/Damage/Hit 3.wav" id="13_x0vtd"]
[ext_resource type="AudioStream" uid="uid://1encynnmgsof" path="res://Sound/Characters/Slash/Pickup/Pickup 1.wav" id="14_twjt3"]
[ext_resource type="Texture2D" uid="uid://cid0ona0bku0c" path="res://Textures/Characters/Slash/Skins/B/f589e076.png" id="14_ynuop"]
[ext_resource type="AudioStream" uid="uid://c3axjhuungq6e" path="res://Sound/Characters/Slash/Pickup/Pickup 2.wav" id="15_u0ec7"]
[ext_resource type="AudioStream" uid="uid://ds74eshpysev" path="res://Sound/Characters/Slash/Pickup/Pickup 3.wav" id="16_n3uxg"]
[ext_resource type="Texture2D" uid="uid://roxl7ppbyndv" path="res://Textures/Characters/Slash/Skins/C/f589e076.png" id="16_v2ga8"]
[ext_resource type="AudioStream" uid="uid://cdaypk0x07jl7" path="res://Sound/Characters/Slash/Attacks/Attack 1.wav" id="17_7357b"]
[ext_resource type="AudioStream" uid="uid://7mn1rj0at3xq" path="res://Sound/Characters/Slash/Attacks/Attack 2.wav" id="18_4hjc6"]
[ext_resource type="AudioStream" uid="uid://n87ersfjc8kp" path="res://Sound/Characters/Slash/Attacks/Attack 3.wav" id="19_rxqag"]
[ext_resource type="AudioStream" uid="uid://cxxuwadf5rhi4" path="res://Sound/Characters/Slash/Specials/Special 1.wav" id="20_d357j"]
[ext_resource type="AudioStream" uid="uid://2o2sxtx02n8c" path="res://Sound/Characters/Slash/Specials/Special 2.wav" id="21_7kyxw"]
[ext_resource type="AudioStream" uid="uid://cid7ihc3iljle" path="res://Sound/Characters/Slash/Specials/Special 3.wav" id="22_i13xs"]

[sub_resource type="StandardMaterial3D" id="StandardMaterial3D_ii6yt"]
resource_local_to_scene = true
albedo_texture = ExtResource("9_wmxk3")
ao_enabled = true
ao_texture = ExtResource("10_p30er")

[sub_resource type="StandardMaterial3D" id="StandardMaterial3D_ohw34"]
resource_local_to_scene = true
albedo_texture = ExtResource("12_mjju6")
ao_enabled = true
ao_texture = ExtResource("10_p30er")

[sub_resource type="StandardMaterial3D" id="StandardMaterial3D_85yu7"]
resource_local_to_scene = true
albedo_texture = ExtResource("14_ynuop")
ao_enabled = true
ao_texture = ExtResource("10_p30er")

[sub_resource type="StandardMaterial3D" id="StandardMaterial3D_ppyg1"]
resource_local_to_scene = true
albedo_texture = ExtResource("16_v2ga8")
ao_enabled = true
ao_texture = ExtResource("10_p30er")

[sub_resource type="Resource" id="Resource_rwktk"]
script = ExtResource("4_fu0jm")
damping = 0.3
length = 0.3

[sub_resource type="Animation" id="Animation_c7blb"]
length = 0.001

[sub_resource type="AnimationLibrary" id="AnimationLibrary_tt1ck"]
_data = {
&"RESET": SubResource("Animation_c7blb")
}

[sub_resource type="AudioStreamRandomizer" id="AudioStreamRandomizer_s4qe8"]
streams_count = 3
stream_0/stream = ExtResource("11_rwktk")
stream_1/stream = ExtResource("12_hhmb0")
stream_2/stream = ExtResource("13_x0vtd")

[sub_resource type="AudioStreamRandomizer" id="AudioStreamRandomizer_13gie"]
streams_count = 3
stream_0/stream = ExtResource("14_twjt3")
stream_1/stream = ExtResource("15_u0ec7")
stream_2/stream = ExtResource("16_n3uxg")

[sub_resource type="AudioStreamRandomizer" id="AudioStreamRandomizer_nowrf"]
streams_count = 3
stream_0/stream = ExtResource("17_7357b")
stream_1/stream = ExtResource("18_4hjc6")
stream_2/stream = ExtResource("19_rxqag")

[node name="Slash" type="Node3D" node_paths=PackedStringArray("skins", "hitboxes", "fists", "jiggle_bones", "sfx_controller", "body_slot", "right_hand_slot")]
script = ExtResource("1_rxafh")
character = 1
avatar_big = ExtResource("2_gjt6c")
avatar_small = ExtResource("3_msvhg")
skins = [NodePath("Model/Armature/GeneralSkeleton/Default"), NodePath("Model/Armature/GeneralSkeleton/Skin1"), NodePath("Model/Armature/GeneralSkeleton/Skin2"), NodePath("Model/Armature/GeneralSkeleton/Skin3")]
is_v2 = true
stat_speed = 3
stat_power = 2
hitboxes = [NodePath("Model/Armature/GeneralSkeleton/Hitboxes/Head/Area3D"), NodePath("Model/Armature/GeneralSkeleton/Hitboxes/Torso/Area3D"), NodePath("Model/Armature/GeneralSkeleton/Hitboxes/HipL/Area3D"), NodePath("Model/Armature/GeneralSkeleton/Hitboxes/ShinL/Area3D"), NodePath("Model/Armature/GeneralSkeleton/Hitboxes/FootL/Area3D"), NodePath("Model/Armature/GeneralSkeleton/Hitboxes/HipR/Area3D"), NodePath("Model/Armature/GeneralSkeleton/Hitboxes/ShinR/Area3D"), NodePath("Model/Armature/GeneralSkeleton/Hitboxes/FootR/Area3D"), NodePath("Model/Armature/GeneralSkeleton/Hitboxes/BicepL/Area3D"), NodePath("Model/Armature/GeneralSkeleton/Hitboxes/TricepL/Area3D"), NodePath("Model/Armature/GeneralSkeleton/Hitboxes/HandL/Area3D"), NodePath("Model/Armature/GeneralSkeleton/Hitboxes/BicepR/Area3D"), NodePath("Model/Armature/GeneralSkeleton/Hitboxes/TricepR/Area3D"), NodePath("Model/Armature/GeneralSkeleton/Hitboxes/HandR/Area3D")]
fists = [NodePath("Model/Armature/GeneralSkeleton/Fists/HandL/Fist"), NodePath("Model/Armature/GeneralSkeleton/Fists/HandR/Fist")]
jiggle_bones = [NodePath("Model/Armature/GeneralSkeleton/BoobJiggle_L"), NodePath("Model/Armature/GeneralSkeleton/BoobJiggle_R")]
sfx_controller = NodePath("SFX")
gameplay_animation_tree = ExtResource("4_rwktk")
taunt_animation_tree = ExtResource("5_hhmb0")
body_slot = NodePath("Model/Armature/GeneralSkeleton/Body Slot")
right_hand_slot = NodePath("Model/Armature/GeneralSkeleton/Right Hand Slot")
initial_loadout = ExtResource("6_hhmb0")

[node name="Model" parent="." instance=ExtResource("1_8wfds")]
transform = Transform3D(-1, 0, 8.742278e-08, 0, 1, 0, -8.742278e-08, 0, -1, 0, 0, 0)

[node name="GeneralSkeleton" parent="Model/Armature" index="0"]
bones/0/position = Vector3(0.38608456, 1.3090994, 0.116520464)
bones/0/rotation = Quaternion(-0.49735048, 0.5026356, -0.5026356, 0.49735042)
bones/1/position = Vector3(-0.42273003, 0.55393493, 0.5736711)
bones/2/position = Vector3(0.060933944, 0.18564853, -0.02855828)
bones/2/rotation = Quaternion(0.8825602, -0.09505222, 0.32491982, 0.32631224)
bones/3/position = Vector3(-0.017802685, 1.451904, 0.26085865)
bones/3/rotation = Quaternion(0.7042446, -0.06355735, -0.063557364, 0.7042446)
bones/4/position = Vector3(0.004306034, 0.9110073, -0.0033000559)
bones/4/rotation = Quaternion(0.06479575, 0.1457843, -0.05035986, 0.98590684)
bones/5/rotation = Quaternion(0.0359748, 0.07362807, 0.020599537, 0.9964238)
bones/6/rotation = Quaternion(0.04643947, 0.04334905, 0.052537207, 0.9965963)
bones/7/rotation = Quaternion(-0.27847192, 0.023678532, 0.030368045, 0.95967215)
bones/8/rotation = Quaternion(0.9907495, 0.029256351, 0.013133144, -0.13185996)
bones/9/rotation = Quaternion(-0.01957481, 0.7336455, -0.67701155, 0.055105064)
bones/10/rotation = Quaternion(-0.1531896, -0.098489314, 0.071659826, 0.98066187)
bones/11/rotation = Quaternion(0.9924613, 0.014292433, 0.08450486, -0.08760934)
bones/12/rotation = Quaternion(-0.11444409, 0.65363497, -0.7477104, -0.024350576)
bones/13/position = Vector3(-0.011524293, 0.23588715, 0.072027095)
bones/13/rotation = Quaternion(0.07931301, 0.15765122, 0.12714061, 0.97605884)
bones/15/rotation = Quaternion(0.020173524, -0.06373833, 0.0068798764, 0.997739)
bones/16/rotation = Quaternion(-0.23302774, -0.20740908, -0.035431255, 0.9494337)
bones/17/position = Vector3(0.035767805, 0.15067802, -0.015345109)
bones/17/rotation = Quaternion(0.4595487, 0.63992393, 0.43182075, -0.43913928)
bones/18/rotation = Quaternion(-0.64615947, 0.4734041, 0.057068534, 0.5959108)
bones/19/rotation = Quaternion(8.005649e-06, 3.427267e-06, -0.65049094, 0.75951403)
bones/20/rotation = Quaternion(0.33963835, 0.8684231, 0.24275105, -0.26750544)
bones/21/rotation = Quaternion(0.39389873, 0.6606093, 0.37126923, 0.5201908)
bones/22/position = Vector3(0.21226725, -0.22658157, 0.046341266)
bones/22/rotation = Quaternion(0.54233515, -0.4942162, -0.65866685, 0.16667597)
bones/23/position = Vector3(-0.035767756, 0.15067802, -0.015345099)
bones/23/rotation = Quaternion(0.43951887, -0.5236786, -0.47913784, -0.5504643)
bones/24/rotation = Quaternion(-0.3440505, 0.0069816858, 0.5097158, 0.78852415)
bones/25/rotation = Quaternion(3.965804e-06, -4.50015e-06, 0.703793, 0.7104052)
bones/26/rotation = Quaternion(-0.10542442, 0.97243, -0.14551783, -0.14862776)
bones/27/rotation = Quaternion(-0.010743263, 0.7082155, -0.07077454, -0.7023578)
bones/28/position = Vector3(-0.47695085, 0.1160318, 0.0001413609)
bones/28/rotation = Quaternion(0.03578518, 0.017569568, 0.60767215, 0.79318684)
bones/29/rotation = Quaternion(0.41305307, 0.4023187, 0.81672794, 0.021964455)
bones/31/position = Vector3(-0.03477803, 1.0325643, -0.6923339)
bones/32/position = Vector3(-0.30866855, 0.5243113, 0.5273973)
bones/33/position = Vector3(0.044768766, 0.21086673, 0.19304357)
bones/33/rotation = Quaternion(0.92980677, 0.097210556, 0.23281486, 0.2679681)

[node name="Slash" parent="Model/Armature/GeneralSkeleton" index="0"]
visible = false

[node name="Default" parent="Model/Armature/GeneralSkeleton" index="1" instance=ExtResource("8_nowrf")]
surface_material_override/3 = SubResource("StandardMaterial3D_ii6yt")

[node name="Skin1" parent="Model/Armature/GeneralSkeleton" index="2" instance=ExtResource("9_twjt3")]
visible = false
surface_material_override/3 = SubResource("StandardMaterial3D_ohw34")

[node name="Skin2" parent="Model/Armature/GeneralSkeleton" index="3" instance=ExtResource("10_7357b")]
visible = false
surface_material_override/3 = SubResource("StandardMaterial3D_85yu7")

[node name="Skin3" parent="Model/Armature/GeneralSkeleton" index="4" instance=ExtResource("11_n3uxg")]
visible = false
surface_material_override/3 = SubResource("StandardMaterial3D_ppyg1")

[node name="BoobJiggle_L" type="BoneAttachment3D" parent="Model/Armature/GeneralSkeleton" index="5"]
transform = Transform3D(-0.19037458, 0.6548235, 0.7314122, 0.008197515, -0.7439515, 0.6681834, 0.98167723, 0.13320081, 0.13626139, 0.090620354, 1.2753118, 0.15072861)
bone_name = "Boob.L"
bone_idx = 29
script = ExtResource("3_y61a5")
properties = SubResource("Resource_rwktk")

[node name="BoobJiggle_R" type="BoneAttachment3D" parent="Model/Armature/GeneralSkeleton" index="6"]
transform = Transform3D(-0.8960438, 0.16516583, -0.41209856, -0.319573, -0.8842906, 0.34044477, -0.30818507, 0.43674913, 0.845146, 0.015478803, 1.2537757, 0.19731037)
bone_name = "Boob.R"
bone_idx = 30
script = ExtResource("3_y61a5")
properties = SubResource("Resource_rwktk")

[node name="Body Slot" type="BoneAttachment3D" parent="Model/Armature/GeneralSkeleton" index="7"]
transform = Transform3D(0.82578546, -0.044924047, 0.5621923, 0.23667596, 0.93240553, -0.2731381, -0.51192075, 0.35861093, 0.7805994, 0.041444995, 1.1343837, 0.09512316)
bone_name = "Spine"
bone_idx = 13

[node name="Offset" type="Node3D" parent="Model/Armature/GeneralSkeleton/Body Slot"]
transform = Transform3D(1, 0, 0, 0, 1, 0, 0, 0, 1, 3.7252903e-09, 7.771561e-16, -0.22300853)

[node name="Right Hand Slot" type="BoneAttachment3D" parent="Model/Armature/GeneralSkeleton" index="8"]
transform = Transform3D(-0.3850437, 0.8995062, -0.20647028, 0.88032925, 0.29081213, -0.374765, -0.27705926, -0.32606274, -0.903837, 0.22075498, 1.1082668, 0.35268378)
bone_name = "RightHand"
bone_idx = 26

[node name="Offset" type="Node3D" parent="Model/Armature/GeneralSkeleton/Right Hand Slot"]
transform = Transform3D(-4.371139e-08, 1, -4.371139e-08, 0, -4.371139e-08, -1, -1, -4.371139e-08, 1.9106855e-15, 0.011988997, 0.0655127, -2.9759156e-10)

[node name="Hitboxes" parent="Model/Armature/GeneralSkeleton" index="9" instance=ExtResource("5_gjt6c")]

[node name="Head" parent="Model/Armature/GeneralSkeleton/Hitboxes" index="0"]
transform = Transform3D(0.9966604, -0.08055561, 0.013370156, 0.079493076, 0.9945966, 0.06676972, -0.01867649, -0.06548384, 0.99767894, 0.016914058, 1.4211293, 0.19100896)

[node name="Torso" parent="Model/Armature/GeneralSkeleton/Hitboxes" index="1"]
transform = Transform3D(0.8755013, 0.052312978, 0.48037595, 0.11108358, 0.9457092, -0.30544138, -0.4702745, 0.3207762, 0.8221585, 0.040923268, 1.0516167, 0.070757836)

[node name="HipL" parent="Model/Armature/GeneralSkeleton/Hitboxes" index="2"]
transform = Transform3D(0.8824159, -0.1951201, 0.42810094, 0.044705432, 0.9406006, 0.33655915, -0.46834138, -0.27784672, 0.83872384, 0.110661685, 0.91628784, -0.013618644)

[node name="ShinL" parent="Model/Armature/GeneralSkeleton/Hitboxes" index="3"]
transform = Transform3D(0.88440895, 0.1306867, -0.4480423, 0.1072388, -0.9912131, -0.07743779, -0.4542254, 0.020439178, -0.89065236, 0.17602593, 0.5840415, 0.07782155)
bone_name = "LeftLowerLeg"

[node name="FootL" parent="Model/Armature/GeneralSkeleton/Hitboxes" index="4"]
transform = Transform3D(-0.8675133, 0.49741405, 1.714006e-05, 0.0001309095, 0.00019388646, 1.0000001, 0.49741393, 0.8675133, -0.00023325533, 0.22152244, 0.19345993, 0.07419345)
bone_name = "LeftFoot"

[node name="HipR" parent="Model/Armature/GeneralSkeleton/Hitboxes" index="5"]
transform = Transform3D(0.9671923, -0.1302963, 0.21808746, 0.11615388, 0.9902798, 0.0765136, -0.22593705, -0.048671663, 0.97292536, -0.07171085, 0.91891533, 0.07156501)

[node name="ShinR" parent="Model/Armature/GeneralSkeleton/Hitboxes" index="6"]
transform = Transform3D(0.9883436, 0.13260451, -0.07478747, 0.14090388, -0.9827794, 0.11954546, -0.057647273, -0.12868984, -0.9900082, -0.027577892, 0.5711059, 0.08168121)
bone_name = "RightLowerLeg"

[node name="FootR" parent="Model/Armature/GeneralSkeleton/Hitboxes" index="7"]
transform = Transform3D(-0.9914721, -0.13031012, -0.0015933644, -0.0015354138, -0.0005448684, 0.99999887, -0.1303109, 0.9914734, 0.0003401935, 0.023559302, 0.18641806, 0.018141411)
bone_name = "RightFoot"

[node name="BicepL" parent="Model/Armature/GeneralSkeleton/Hitboxes" index="8"]
transform = Transform3D(-0.071586415, 0.111634806, 0.9911676, -0.85348654, -0.5211064, -0.0029503703, 0.51617444, -0.8461594, 0.13258302, 0.1192715, 1.3151745, 0.09659621)

[node name="TricepL" parent="Model/Armature/GeneralSkeleton/Hitboxes" index="9"]
transform = Transform3D(-0.121327884, -0.05356706, 0.9911661, 0.38371205, -0.9234481, -0.0029372638, 0.9154478, 0.37996602, 0.13259439, 0.14708966, 1.1779104, -0.13612153)

[node name="HandL" parent="Model/Armature/GeneralSkeleton/Hitboxes" index="10"]
transform = Transform3D(0.6752799, 0.115567505, -0.72845125, -0.6669285, -0.3260856, -0.6699809, -0.31496537, 0.9382496, -0.14312378, 0.13237804, 0.95609224, -0.039676078)
bone_name = "LeftHand"

[node name="BicepR" parent="Model/Armature/GeneralSkeleton/Hitboxes" index="11"]
transform = Transform3D(-0.9667985, 0.19853184, -0.1608912, -0.25486413, -0.7949008, 0.5506152, -0.018577889, 0.5733392, 0.81910753, -0.06273392, 1.2637022, 0.19742146)

[node name="TricepR" parent="Model/Armature/GeneralSkeleton/Hitboxes" index="12"]
transform = Transform3D(0.18948074, 0.96861273, -0.1608928, -0.79724264, 0.2474195, 0.5506249, 0.5731502, 0.023937773, 0.8191007, -0.013156176, 1.0449976, 0.35066348)

[node name="HandR" parent="Model/Armature/GeneralSkeleton/Hitboxes" index="13"]
transform = Transform3D(-0.3850437, 0.8995062, -0.20647028, 0.88032925, 0.29081213, -0.374765, -0.27705926, -0.32606274, -0.903837, 0.22075498, 1.1082668, 0.35268378)
bone_name = "RightHand"

[node name="Fists" parent="Model/Armature/GeneralSkeleton" index="10" instance=ExtResource("6_msvhg")]

[node name="HandL" parent="Model/Armature/GeneralSkeleton/Fists" index="0"]
transform = Transform3D(0.6752799, 0.115567505, -0.72845125, -0.6669285, -0.3260856, -0.6699809, -0.31496537, 0.9382496, -0.14312378, 0.13237804, 0.95609224, -0.039676078)
bone_name = "LeftHand"

[node name="HandR" parent="Model/Armature/GeneralSkeleton/Fists" index="1"]
transform = Transform3D(-0.3850437, 0.8995062, -0.20647028, 0.88032925, 0.29081213, -0.374765, -0.27705926, -0.32606274, -0.903837, 0.22075498, 1.1082668, 0.35268378)
bone_name = "RightHand"

[node name="AnimationPlayer" type="AnimationPlayer" parent="Model"]
root_node = NodePath("../Armature")
libraries = {
&"": SubResource("AnimationLibrary_tt1ck"),
&"Lower Body": ExtResource("2_j3040"),
&"Taunts": ExtResource("3_c7blb"),
&"Upper Body": ExtResource("4_tt1ck")
}

[node name="SFX" type="Node3D" parent="."]
process_mode = 3
script = ExtResource("5_yfynj")

[node name="Taunts" type="Node3D" parent="SFX"]

[node name="Entrance" type="AudioStreamPlayer3D" parent="SFX/Taunts"]
stream = ExtResource("6_u1owl")
volume_db = -15.0
max_db = 0.0
bus = &"Characters"
attenuation_filter_db = 0.0

[node name="Win" type="AudioStreamPlayer3D" parent="SFX/Taunts"]
stream = ExtResource("7_y61a5")
volume_db = -15.0
max_db = 0.0
bus = &"Characters"
attenuation_filter_db = 0.0

[node name="Lose" type="AudioStreamPlayer3D" parent="SFX/Taunts"]
stream = ExtResource("8_fu0jm")
volume_db = -15.0
max_db = 0.0
bus = &"Characters"
attenuation_filter_db = 0.0

[node name="Common" parent="SFX" instance=ExtResource("9_gjt6c")]

[node name="Death" type="AudioStreamPlayer3D" parent="SFX"]
transform = Transform3D(1, 0, 0, 0, 1, 0, 0, 0, 1, 0, 1.49041, 0)
stream = ExtResource("10_msvhg")
volume_db = -10.0
max_db = 0.0
pitch_scale = 0.64
bus = &"Characters"
attenuation_filter_db = 0.0

[node name="Hit" type="AudioStreamPlayer3D" parent="SFX"]
transform = Transform3D(1, 0, 0, 0, 1, 0, 0, 0, 1, 0, 1.49041, 0)
stream = SubResource("AudioStreamRandomizer_s4qe8")
volume_db = -10.0
max_db = 0.0
pitch_scale = 0.64
bus = &"Characters"
attenuation_filter_db = 0.0

[node name="Pickup" type="AudioStreamPlayer3D" parent="SFX"]
transform = Transform3D(1, 0, 0, 0, 1, 0, 0, 0, 1, 0, 1.49041, 0)
stream = SubResource("AudioStreamRandomizer_13gie")
volume_db = -10.0
max_db = 0.0
pitch_scale = 0.64
bus = &"Characters"
attenuation_filter_db = 0.0

[node name="Attack" type="AudioStreamPlayer3D" parent="SFX"]
transform = Transform3D(1, 0, 0, 0, 1, 0, 0, 0, 1, 0, 1.49041, 0)
stream = SubResource("AudioStreamRandomizer_nowrf")
volume_db = -10.0
max_db = 0.0
pitch_scale = 0.64
bus = &"Characters"
attenuation_filter_db = 0.0

[node name="Special 1" type="AudioStreamPlayer3D" parent="SFX"]
transform = Transform3D(1, 0, 0, 0, 1, 0, 0, 0, 1, 0, 1.49041, 0)
stream = ExtResource("20_d357j")
volume_db = -10.0
max_db = 0.0
pitch_scale = 0.64
bus = &"Characters"
attenuation_filter_db = 0.0

[node name="Special 2" type="AudioStreamPlayer3D" parent="SFX"]
transform = Transform3D(1, 0, 0, 0, 1, 0, 0, 0, 1, 0, 1.49041, 0)
stream = ExtResource("21_7kyxw")
volume_db = -10.0
max_db = 0.0
pitch_scale = 0.64
bus = &"Characters"
attenuation_filter_db = 0.0

[node name="Special 3" type="AudioStreamPlayer3D" parent="SFX"]
transform = Transform3D(1, 0, 0, 0, 1, 0, 0, 0, 1, 0, 1.49041, 0)
stream = ExtResource("22_i13xs")
volume_db = -10.0
max_db = 0.0
pitch_scale = 0.64
bus = &"Characters"
attenuation_filter_db = 0.0

[editable path="Model"]
[editable path="Model/Armature/GeneralSkeleton/Hitboxes"]
[editable path="Model/Armature/GeneralSkeleton/Fists"]
[editable path="SFX/Common"]
