[gd_scene load_steps=3 format=3 uid="uid://3cmmrs2i1iwx"]

[ext_resource type="PackedScene" uid="uid://mfit0jyuixrv" path="res://Prefabs/Characters/Slash/Base.tscn" id="1_3hy15"]
[ext_resource type="PackedScene" uid="uid://c4pmv7hn2c26i" path="res://Prefabs/Characters/Common/GameplayAnimationTree.tscn" id="2_oeekc"]

[node name="Slash" instance=ExtResource("1_3hy15")]
animation_tree_reference = ExtResource("2_oeekc")

[node name="Skeleton3D" parent="Model/Armature" index="4"]
bones/4/position = Vector3(2.20996e-16, 0.71472, -0.0745371)
bones/7/rotation = Quaternion(0.792529, 0.191125, -0.318961, 0.483356)
bones/8/rotation = Quaternion(0.482618, 6.76795e-09, 1.66137e-07, 0.875831)
bones/9/rotation = Quaternion(-0.53751, 0.168898, 0.185846, 0.804995)
bones/10/rotation = Quaternion(0.891332, -0.17833, 0.185934, 0.373035)
bones/11/rotation = Quaternion(0.521942, -3.89326e-08, -1.3899e-07, 0.852981)
bones/12/rotation = Quaternion(-0.693288, -0.180672, -0.198211, 0.668896)
bones/16/rotation = Quaternion(0.641535, 0.264794, -0.251873, 0.674446)
bones/18/rotation = Quaternion(0.0958449, 0.0732248, -0.393998, 0.911163)
bones/20/rotation = Quaternion(0.164115, -0.231621, -0.0426259, 0.957915)
bones/21/rotation = Quaternion(-0.0388528, 4.62716e-05, 0.680748, 0.731487)
bones/24/rotation = Quaternion(-0.13527, -0.251727, 0.467251, 0.836667)
bones/26/rotation = Quaternion(0.0384122, 0.25967, 0.20043, 0.943888)
bones/27/rotation = Quaternion(0.0125524, -0.0198369, -0.686389, 0.726855)

[node name="BoobJiggle_L" parent="Model/Armature/Skeleton3D" index="0"]
transform = Transform3D(-0.929088, -0.241716, 0.279943, 0.368236, -0.675315, 0.639025, 0.034587, 0.696796, 0.716436, -0.027064, 1.14414, 0.0217683)

[node name="BoobJiggle_R" parent="Model/Armature/Skeleton3D" index="1"]
transform = Transform3D(-0.0356866, -0.676548, -0.735533, -0.368237, -0.675314, 0.639024, -0.929047, 0.293655, -0.22503, -0.0937921, 1.14414, -0.0400965)

[node name="Body Slot" parent="Model/Armature/Skeleton3D" index="2"]
transform = Transform3D(0.733325, 0.679878, -1.74838e-07, 2.38419e-07, 0, 1, 0.679878, -0.733325, -1.62096e-07, -0.038445, 0.996068, -0.0330698)

[node name="Right Hand Slot" parent="Model/Armature/Skeleton3D" index="3"]
transform = Transform3D(-0.992567, -0.0278273, 0.118478, 0.121516, -0.172683, 0.977453, -0.00674051, 0.984585, 0.174781, -0.275158, 0.97132, -0.0794019)

[editable path="Model"]
[editable path="SFX/Common"]
