[gd_scene load_steps=3 format=3 uid="uid://dkllxpibgfyik"]

[ext_resource type="PackedScene" uid="uid://mfit0jyuixrv" path="res://Prefabs/Characters/Slash/Base.tscn" id="1_fdxqa"]
[ext_resource type="PackedScene" uid="uid://cnwwwjk7llw03" path="res://Prefabs/Characters/Common/TauntAnimationTree.tscn" id="2_7glr0"]

[node name="Slash" instance=ExtResource("1_fdxqa")]
custom_animation_tree_reference = ExtResource("2_7glr0")

[node name="BoobJiggle_L" parent="Model/Armature/Skeleton3D" index="0"]
transform = Transform3D(-0.748427, 0.267008, 0.607094, 0.240717, -0.743594, 0.623799, 0.61799, 0.613006, 0.492253, 0.00580044, 1.17919, 0.156543)

[node name="BoobJiggle_R" parent="Model/Armature/Skeleton3D" index="1"]
transform = Transform3D(-0.556433, -0.321104, -0.766338, -0.310569, -0.775081, 0.550269, -0.770668, 0.544189, 0.331556, -0.0844494, 1.17436, 0.145983)

[node name="Body Slot" parent="Model/Armature/Skeleton3D" index="2"]
transform = Transform3D(0.985806, 0.03706, 0.163747, -0.163121, -0.0193456, 0.986416, 0.0397244, -0.999126, -0.0130257, -0.0256719, 1.03361, 0.100082)

[node name="Right Hand Slot" parent="Model/Armature/Skeleton3D" index="3"]
transform = Transform3D(-0.185637, 0.981565, 0.0454926, 0.971468, 0.190289, -0.141564, -0.147611, 0.0179152, -0.988883, -0.256952, 1.30353, 0.181203)

[editable path="Model"]
[editable path="SFX/Common"]
