[gd_scene load_steps=3 format=3 uid="uid://dkllxpibgfyik"]

[ext_resource type="PackedScene" uid="uid://mfit0jyuixrv" path="res://Prefabs/Characters/Slash/Base.tscn" id="1_fdxqa"]
[ext_resource type="PackedScene" uid="uid://cnwwwjk7llw03" path="res://Prefabs/Characters/Common/TauntAnimationTree.tscn" id="2_7glr0"]

[node name="Slash" instance=ExtResource("1_fdxqa")]
custom_animation_tree_reference = ExtResource("2_7glr0")

[node name="BoobJiggle_L" parent="Model/Armature/Skeleton3D" index="0"]
transform = Transform3D(-0.194804, 0.654568, 0.730474, 0.0122674, -0.743057, 0.669116, 0.980765, 0.139307, 0.136721, 0.102715, 1.18767, 0.136352)

[node name="BoobJiggle_R" parent="Model/Armature/Skeleton3D" index="1"]
transform = Transform3D(-0.894495, 0.16361, -0.416066, -0.321314, -0.882351, 0.343822, -0.310863, 0.441235, 0.841829, 0.0273746, 1.1663, 0.182685)

[node name="Body Slot" parent="Model/Armature/Skeleton3D" index="2"]
transform = Transform3D(0.953043, -0.27918, 0.117335, -0.0810267, 0.138252, 0.987077, -0.291794, -0.950234, 0.109139, 0.0538574, 1.04649, 0.0811235)

[node name="Right Hand Slot" parent="Model/Armature/Skeleton3D" index="3"]
transform = Transform3D(0.185787, 0.932235, -0.310517, 0.36315, 0.228499, 0.903278, 0.91302, -0.280581, -0.296089, 0.221123, 1.03177, 0.357691)

[editable path="Model"]
[editable path="SFX/Common"]
