[gd_scene load_steps=16 format=3 uid="uid://qcbwpopwlp4q"]

[ext_resource type="ArrayMesh" uid="uid://t2o61a6f47dn" path="res://Models/Characters/Di/Skins/Mesh.res" id="1_e1unr"]
[ext_resource type="Material" uid="uid://ygnsrx4dq1ak" path="res://Materials/Characters/Di/Skins/Default/bed17116.tres" id="2_so2mc"]
[ext_resource type="Material" uid="uid://cukymk3lgv6qk" path="res://Materials/Characters/Di/Skins/Default/125799c1.tres" id="3_q0fdr"]
[ext_resource type="Material" uid="uid://b5f3exilou0y1" path="res://Materials/Characters/Di/Skins/Default/9c8b0c60.tres" id="4_oqxck"]
[ext_resource type="Material" uid="uid://draee7gfkk2i1" path="res://Materials/Characters/Di/Skins/Default/e50b3e8a.tres" id="5_fsm06"]
[ext_resource type="Material" uid="uid://dk7xiqlp8k13l" path="res://Materials/Characters/Di/Skins/Default/a6cbf87d.tres" id="6_jmopt"]
[ext_resource type="Material" uid="uid://dygasn17ffh16" path="res://Materials/Characters/Di/Skins/Default/b136187a.tres" id="7_lomqe"]
[ext_resource type="Material" uid="uid://dv0fcl2cmm5ac" path="res://Materials/Characters/Di/Skins/Default/406c45bc.tres" id="8_jroub"]
[ext_resource type="Script" uid="uid://dw4b5ugmdg2tk" path="res://Scripts/Characters/AnimatedTexturesMesh.gd" id="9_jroub"]
[ext_resource type="Texture2D" uid="uid://myhcjh36b152" path="res://Textures/Characters/Di/Skins/Default/Masks/blink.png" id="10_dn0ug"]
[ext_resource type="Texture2D" uid="uid://dk6suyko84ktc" path="res://Textures/Characters/Di/Skins/Default/Masks/talk1.png" id="11_xhefo"]
[ext_resource type="Texture2D" uid="uid://dfxg4bag1plmi" path="res://Textures/Characters/Di/Skins/Default/Masks/talk2.png" id="12_xvjot"]
[ext_resource type="Texture2D" uid="uid://c2el3cv5l03jr" path="res://Textures/Characters/Di/Skins/Default/Masks/talk3.png" id="13_aqrp1"]
[ext_resource type="Texture2D" uid="uid://bjn121ybqwjsj" path="res://Textures/Characters/Di/Skins/Default/Masks/hurt.png" id="14_ubekq"]

[sub_resource type="Skin" id="Skin_68u1b"]
resource_name = "Skin"
bind_count = 34
bind/0/name = &"ElbowIK.L"
bind/0/bone = -1
bind/0/pose = Transform3D(-0.0105703, -0.999944, 0, 0, 0, -1, 0.999944, -0.0105703, 0, 1.26447, -0.692334, -0.37274)
bind/1/name = &"KneeIK.L"
bind/1/bone = -1
bind/1/pose = Transform3D(1, 1.50996e-07, 0, 0, 0, 1, 1.50996e-07, -1, 0, -0.0761896, -0.906698, 0.502574)
bind/2/name = &"FootIK.L"
bind/2/bone = -1
bind/2/pose = Transform3D(1, 5.97537e-07, 3.93117e-07, -1.98952e-13, -0.549617, 0.835417, 7.15256e-07, -0.835416, -0.549617, -0.0761895, 0.116931, 0.0659436)
bind/3/name = &"HeadTarget"
bind/3/bone = -1
bind/3/pose = Transform3D(1, -3.89414e-07, 0, 0, 0, 1, -3.89414e-07, -1, 0, 5.41644e-07, -0.260859, 1.39092)
bind/4/name = &"Spine0"
bind/4/bone = -1
bind/4/pose = Transform3D(1, 0, 0, 0, 1, 0, 0, 0, 1, -2.20996e-16, -0.838772, 0.0745371)
bind/5/name = &"Spine1"
bind/5/bone = -1
bind/5/pose = Transform3D(1, -7.61832e-08, 2.25919e-07, 0, 0.947574, 0.319536, -2.38419e-07, -0.319536, 0.947574, 8.07397e-08, -0.770981, 0.338647)
bind/6/name = &"Spine2"
bind/6/bone = -1
bind/6/pose = Transform3D(1, -1.31213e-08, 2.38057e-07, 6.21725e-15, 0.998484, 0.0550346, -2.38419e-07, -0.0550346, 0.998484, 1.88717e-08, -0.983, 0.0791536)
bind/7/name = &"Hip.L"
bind/7/bone = -1
bind/7/pose = Transform3D(1, 5.18959e-09, 2.38574e-07, 1.00495e-08, -0.999792, -0.0203754, 2.38419e-07, 0.0203755, -0.999793, -0.0761895, 0.852041, -0.0585772)
bind/8/name = &"Shin.L"
bind/8/bone = -1
bind/8/pose = Transform3D(1, -8.14238e-09, 2.3828e-07, -6.03962e-14, -0.999417, -0.0341515, 2.38419e-07, 0.0341516, -0.999417, -0.0761895, 0.500629, -0.0654825)
bind/9/name = &"Foot.L"
bind/9/bone = -1
bind/9/pose = Transform3D(1, 5.97537e-07, 3.93117e-07, -2.55795e-13, -0.549617, 0.835417, 7.15256e-07, -0.835417, -0.549617, -0.0761895, 0.116931, 0.0659437)
bind/10/name = &"Hip.R"
bind/10/bone = -1
bind/10/pose = Transform3D(1, 1.49054e-08, -2.38164e-07, 1.00496e-08, -0.999792, -0.0203754, -2.38418e-07, 0.0203755, -0.999793, 0.0761895, 0.852041, -0.0585772)
bind/11/name = &"Shin.R"
bind/11/bone = -1
bind/11/pose = Transform3D(1, 8.14237e-09, -2.38279e-07, -1.59872e-14, -0.999417, -0.0341515, -2.38418e-07, 0.0341516, -0.999417, 0.0761895, 0.500629, -0.0654825)
bind/12/name = &"Foot.R"
bind/12/bone = -1
bind/12/pose = Transform3D(1, -5.97537e-07, -3.93117e-07, -5.68434e-14, -0.549617, 0.835417, -7.15256e-07, -0.835417, -0.549617, 0.0761895, 0.116931, 0.0659437)
bind/13/name = &"CoreIK"
bind/13/bone = -1
bind/13/pose = Transform3D(1, 2.38419e-07, 0, -2.84217e-14, 1.19209e-07, -1, -2.38419e-07, 1, 0, -2.65087e-07, -0.0179904, -1.11186)
bind/14/name = &"Spine3"
bind/14/bone = -1
bind/14/pose = Transform3D(1, 3.65775e-08, 2.35596e-07, -2.4869e-14, 0.988162, -0.153417, -2.38419e-07, 0.153417, 0.988162, -3.64305e-08, -1.10145, -0.152801)
bind/15/name = &"Neck"
bind/15/bone = -1
bind/15/pose = Transform3D(1, 0, 2.38419e-07, -3.74978e-14, 1, -1.19209e-07, -2.38419e-07, 0, 1, 9.2562e-09, -1.30029, 0.0388233)
bind/16/name = &"Head"
bind/16/bone = -1
bind/16/pose = Transform3D(1, -3.89414e-07, 0, 3.88433e-14, -1.19209e-07, 1, -3.89414e-07, -1, 0, 5.41644e-07, 0.0388235, 1.39092)
bind/17/name = &"Shoulder.L"
bind/17/bone = -1
bind/17/pose = Transform3D(-1.98607e-08, -1, 7.45058e-08, 1, -1.98608e-08, -1.27923e-07, 1.27923e-07, -4.47035e-08, 1, 1.26333, -0.0416225, 0.0358472)
bind/18/name = &"Bicep.L"
bind/18/bone = -1
bind/18/pose = Transform3D(-0.0105701, -0.999944, -1.45737e-07, 0.999777, -0.0105683, -0.0182623, 0.0182613, -0.0001933, 0.999833, 1.26447, -0.101811, 0.0339939)
bind/19/name = &"Tricep.L"
bind/19/bone = -1
bind/19/pose = Transform3D(-0.00473935, -0.999989, -7.74235e-08, 0.999779, -0.00473836, 0.0204694, -0.0204692, 9.68152e-05, 0.999791, 1.26227, -0.379191, 0.0485797)
bind/20/name = &"Hand.L"
bind/20/bone = -1
bind/20/pose = Transform3D(1.478e-11, -1, -4.01335e-07, 1, 2.82624e-10, 1.86265e-09, -1.86265e-09, -5.20529e-07, 1, 1.25931, -0.628356, 0.0358478)
bind/21/name = &"ShoulderFIK.L"
bind/21/bone = -1
bind/21/pose = Transform3D(1, 2.16589e-15, -2.38419e-07, 1.3907e-07, 1, -1.19209e-07, 2.38419e-07, 5.16388e-22, 1, -0.114534, -1.26333, 0.0358472)
bind/22/name = &"HandIK.L"
bind/22/bone = -1
bind/22/pose = Transform3D(4.59961e-08, -1, 4.87129e-05, 1, 2.38419e-07, -2.63279e-12, -2.26354e-12, 4.85937e-05, 1, 1.25931, -0.628357, 0.035786)
bind/23/name = &"Shoulder.R"
bind/23/bone = -1
bind/23/pose = Transform3D(-2.02732e-08, 1, -7.45058e-08, -1, -2.02731e-08, -1.30579e-07, -1.30579e-07, -4.47035e-08, 1, -1.26333, -0.0416225, 0.0358472)
bind/24/name = &"Bicep.R"
bind/24/bone = -1
bind/24/pose = Transform3D(-0.0105701, 0.999944, 1.45723e-07, -0.999777, -0.0105683, -0.0182623, -0.0182613, -0.0001933, 0.999833, -1.26447, -0.101811, 0.0339939)
bind/25/name = &"Tricep.R"
bind/25/bone = -1
bind/25/pose = Transform3D(-0.00473935, 0.999989, 7.7438e-08, -0.999779, -0.00473836, 0.0204694, 0.0204692, 9.68152e-05, 0.999791, -1.26227, -0.379191, 0.0485797)
bind/26/name = &"Hand.R"
bind/26/bone = -1
bind/26/pose = Transform3D(1.52348e-11, 1, 4.01335e-07, -1, 2.8217e-10, 1.86265e-09, 1.86265e-09, -5.20537e-07, 1, -1.25931, -0.628356, 0.0358478)
bind/27/name = &"ShoulderFIK.R"
bind/27/bone = -1
bind/27/pose = Transform3D(1, -4.061e-15, 2.38419e-07, -1.39482e-07, 1, -1.19209e-07, -2.38418e-07, 9.68218e-22, 1, 0.114534, -1.26333, 0.0358472)
bind/28/name = &"HandIK.R"
bind/28/bone = -1
bind/28/pose = Transform3D(-1.61051e-08, 1, -4.87129e-05, -1, 1.19209e-07, 1.04689e-13, -7.82606e-13, 4.85937e-05, 1, -1.25931, -0.628356, 0.035786)
bind/29/name = &"Boob.L"
bind/29/bone = -1
bind/29/pose = Transform3D(-0.657809, 0.368236, 0.65703, 0.29648, -0.675314, 0.675315, 0.692378, 0.639024, 0.335053, -0.435196, 0.812118, -0.826932)
bind/30/name = &"Boob.R"
bind/30/bone = -1
bind/30/pose = Transform3D(-0.65781, -0.368236, -0.65703, -0.29648, -0.675315, 0.675315, -0.692378, 0.639025, 0.335054, 0.435197, 0.812119, -0.826934)
bind/31/name = &"ElbowIK.R"
bind/31/bone = -1
bind/31/pose = Transform3D(-0.0105703, 0.999944, 0, 0, 0, -1, -0.999944, -0.0105703, 0, -1.26447, -0.692334, -0.37274)
bind/32/name = &"KneeIK.R"
bind/32/bone = -1
bind/32/pose = Transform3D(1, -1.50996e-07, 0, 0, 0, 1, -1.50996e-07, -1, 0, 0.0761896, -0.906698, 0.502574)
bind/33/name = &"FootIK.R"
bind/33/bone = -1
bind/33/pose = Transform3D(1, -5.97537e-07, -3.93117e-07, 1.98952e-13, -0.549617, 0.835417, -7.15256e-07, -0.835416, -0.549617, 0.0761895, 0.116931, 0.0659436)

[node name="Default" type="MeshInstance3D"]
transform = Transform3D(1, 0, 0, 0, 1, 0, 0, 0, 1, 0, -0.2, 0)
layers = 4
mesh = ExtResource("1_e1unr")
skin = SubResource("Skin_68u1b")
surface_material_override/0 = ExtResource("2_so2mc")
surface_material_override/1 = ExtResource("3_q0fdr")
surface_material_override/2 = ExtResource("4_oqxck")
surface_material_override/3 = ExtResource("5_fsm06")
surface_material_override/4 = ExtResource("6_jmopt")
surface_material_override/5 = ExtResource("7_lomqe")
surface_material_override/6 = ExtResource("8_jroub")
script = ExtResource("9_jroub")
blink_mask = ExtResource("10_dn0ug")
talk_masks = Array[Texture2D]([ExtResource("11_xhefo"), ExtResource("12_xvjot"), ExtResource("13_aqrp1")])
hurt_eye_mask = ExtResource("14_ubekq")
hurt_mouth_mask = ExtResource("13_aqrp1")
die_mouth_mask = ExtResource("12_xvjot")
