[gd_scene load_steps=63 format=3 uid="uid://ccry22wstybxj"]

[ext_resource type="PackedScene" uid="uid://cont5l5c6d0ig" path="res://Models/Characters/Di/Di.glb" id="1_lan5e"]
[ext_resource type="Script" uid="uid://b67p4er5pdntl" path="res://Scripts/Characters/CharacterController.gd" id="1_xxywp"]
[ext_resource type="Texture2D" uid="uid://yoxdebxlanyo" path="res://Textures/Characters/Di/Cards/17adbb73.png" id="2_72i27"]
[ext_resource type="Texture2D" uid="uid://bhgtb3nef8el1" path="res://Textures/Characters/Di/Cards/ddb26342.png" id="3_7p708"]
[ext_resource type="Script" uid="uid://bosu3x1t1to4" path="res://Scripts/Characters/CharacterSFXController.gd" id="4_8y5bw"]
[ext_resource type="PackedScene" uid="uid://c4wyss068ducy" path="res://Prefabs/Weapons/HardSword.tscn" id="4_75wuh"]
[ext_resource type="PackedScene" uid="uid://qcbwpopwlp4q" path="res://Models/Characters/Di/Skins/Default.tscn" id="5_8q50d"]
[ext_resource type="Script" uid="uid://0a1jysr3rwqr" path="res://addons/wigglebone/wiggle_bone.gd" id="5_8w6jy"]
[ext_resource type="AnimationLibrary" uid="uid://dfbclm1rb3fad" path="res://Animations/Characters/Di/Taunts/Taunts.res" id="5_uyi18"]
[ext_resource type="Script" uid="uid://clqr0agw21yiu" path="res://addons/wigglebone/wiggle_properties.gd" id="6_rii5r"]
[ext_resource type="PackedScene" uid="uid://2hqycc5mu4gk" path="res://Models/Characters/Di/Skins/Skin1.tscn" id="7_gbxw1"]
[ext_resource type="AnimationLibrary" uid="uid://pch4hmnax3x6" path="res://Animations/Characters/Di/Lower Body.res" id="7_sh0fi"]
[ext_resource type="AudioStream" uid="uid://o2bkqgxtn8n" path="res://Sound/Characters/Di/Taunts/Entrance.wav" id="8_6bbiy"]
[ext_resource type="PackedScene" uid="uid://b7radydo3li6r" path="res://Models/Characters/Di/Skins/Skin2.tscn" id="8_74yiy"]
[ext_resource type="PackedScene" uid="uid://bmuljmi6fxn4h" path="res://Prefabs/Characters/Common/Hitboxes.tscn" id="8_516h7"]
[ext_resource type="PackedScene" uid="uid://blgqvbxjfjr68" path="res://Prefabs/Characters/Common/SFX/Common.tscn" id="8_e8aq4"]
[ext_resource type="AudioStream" uid="uid://srlaaa2tu160" path="res://Sound/Characters/Di/Taunts/Win.wav" id="9_3qc8s"]
[ext_resource type="PackedScene" uid="uid://bexuiaqh7fwn0" path="res://Prefabs/Characters/Common/Fists.tscn" id="9_5ck1j"]
[ext_resource type="PackedScene" uid="uid://cvcq0427krdfb" path="res://Models/Characters/Di/Skins/Skin3.tscn" id="9_nc41o"]
[ext_resource type="AnimationLibrary" uid="uid://d222qd28uwf07" path="res://Animations/Characters/Di/Upper Body.res" id="9_y82gw"]
[ext_resource type="AudioStream" uid="uid://dla5xgblecomg" path="res://Sound/Characters/Di/Taunts/Lose.wav" id="10_em5mr"]
[ext_resource type="Texture2D" uid="uid://bpqrrrqovrd4m" path="res://Textures/Characters/Di/bed17116.png" id="14_crert"]
[ext_resource type="Texture2D" uid="uid://yva0dsg32mhp" path="res://Textures/Characters/Di/bed17116_spec.png" id="15_3qkqh"]
[ext_resource type="Texture2D" uid="uid://l7elbnb74pu5" path="res://Textures/Characters/Di/125799c1.png" id="16_v6frh"]
[ext_resource type="Texture2D" uid="uid://duhjc81ptw5ut" path="res://Textures/Characters/Di/125799c1_spec.png" id="17_gu4i4"]
[ext_resource type="AudioStream" uid="uid://cqg6y44whamnl" path="res://Sound/Characters/Di/Pickup/Pickup 1.wav" id="18_8njvl"]
[ext_resource type="Texture2D" uid="uid://dhdfu6om1d1c4" path="res://Textures/Characters/Di/9c8b0c60.png" id="18_eg4le"]
[ext_resource type="Texture2D" uid="uid://u4ibpltkp2r" path="res://Textures/Characters/Di/9c8b0c60_spec.png" id="19_cxqsy"]
[ext_resource type="AudioStream" uid="uid://cwgdilwqayilw" path="res://Sound/Characters/Di/Pickup/Pickup 2.wav" id="19_glhem"]
[ext_resource type="AudioStream" uid="uid://clp7gr2asyohx" path="res://Sound/Characters/Di/Damage/Death.wav" id="19_xql4t"]
[ext_resource type="Texture2D" uid="uid://drybh1wflimah" path="res://Textures/Characters/Di/e50b3e8a.png" id="20_8dfym"]
[ext_resource type="AudioStream" uid="uid://bba52mmsrdcsh" path="res://Sound/Characters/Di/Damage/Hit 1.wav" id="20_adcdu"]
[ext_resource type="AudioStream" uid="uid://d03p5btghoq41" path="res://Sound/Characters/Di/Pickup/Pickup 3.wav" id="20_ruf3e"]
[ext_resource type="AudioStream" uid="uid://desgnf0sb36hl" path="res://Sound/Characters/Di/Attack/Attack 1.wav" id="21_0m75m"]
[ext_resource type="AudioStream" uid="uid://duv1lpvt7b36p" path="res://Sound/Characters/Di/Damage/Hit 2.wav" id="21_pa4n3"]
[ext_resource type="Texture2D" uid="uid://cor7iwby0to5f" path="res://Textures/Characters/Di/e50b3e8a_spec.png" id="21_v8nyn"]
[ext_resource type="AudioStream" uid="uid://dop6ag3s0xkbb" path="res://Sound/Characters/Di/Damage/Hit 3.wav" id="22_4n60s"]
[ext_resource type="Texture2D" uid="uid://bl0lx22dh2fp" path="res://Textures/Characters/Di/a6cbf87d.png" id="22_belp7"]
[ext_resource type="AudioStream" uid="uid://dfnotbt72sadj" path="res://Sound/Characters/Di/Attack/Attack 2.wav" id="22_hccd4"]
[ext_resource type="Texture2D" uid="uid://ieray1ih0vha" path="res://Textures/Characters/Di/a6cbf87d_spec.png" id="23_8qbnr"]
[ext_resource type="AudioStream" uid="uid://bn7lp573a01x3" path="res://Sound/Characters/Di/Attack/Attack 3.wav" id="23_bnul5"]
[ext_resource type="AudioStream" uid="uid://dc4qffu0jelau" path="res://Sound/Characters/Di/Specials/Special 1.wav" id="24_8p3tl"]
[ext_resource type="Texture2D" uid="uid://b1sk6gm5ycpdy" path="res://Textures/Characters/Di/b136187a.png" id="24_gt4pf"]
[ext_resource type="AudioStream" uid="uid://cvuwl5aqc1uvo" path="res://Sound/Characters/Di/Specials/Special 2.wav" id="25_o57uw"]
[ext_resource type="Texture2D" uid="uid://c06r71nx4e1go" path="res://Textures/Characters/Di/b136187a_spec.png" id="25_v58wm"]
[ext_resource type="AudioStream" uid="uid://mp6i1ksly1sg" path="res://Sound/Characters/Di/Specials/Special 3.wav" id="26_84ddn"]
[ext_resource type="Texture2D" uid="uid://ce7skcnv4i81n" path="res://Textures/Characters/Di/406c45bc.png" id="26_rtl1p"]
[ext_resource type="Texture2D" uid="uid://bdpoxexfynxdr" path="res://Textures/Characters/Di/406c45bc_spec.png" id="27_ywfvi"]

[sub_resource type="Resource" id="Resource_gxjwx"]
script = ExtResource("6_rii5r")
damping = 0.3

[sub_resource type="Animation" id="Animation_tg7f4"]
length = 0.001
tracks/0/type = "value"
tracks/0/imported = false
tracks/0/enabled = true
tracks/0/path = NodePath(".:position")
tracks/0/interp = 1
tracks/0/loop_wrap = true
tracks/0/keys = {
"times": PackedFloat32Array(0),
"transitions": PackedFloat32Array(1),
"update": 0,
"values": [Vector3(0, 0, 0)]
}
tracks/1/type = "value"
tracks/1/imported = false
tracks/1/enabled = true
tracks/1/path = NodePath("../SFX/Taunts/Entrance:playing")
tracks/1/interp = 1
tracks/1/loop_wrap = true
tracks/1/keys = {
"times": PackedFloat32Array(0),
"transitions": PackedFloat32Array(1),
"update": 1,
"values": [false]
}
tracks/2/type = "value"
tracks/2/imported = false
tracks/2/enabled = true
tracks/2/path = NodePath("../SFX/Common/Dash:playing")
tracks/2/interp = 1
tracks/2/loop_wrap = true
tracks/2/keys = {
"times": PackedFloat32Array(0),
"transitions": PackedFloat32Array(1),
"update": 1,
"values": [false]
}
tracks/3/type = "value"
tracks/3/imported = false
tracks/3/enabled = true
tracks/3/path = NodePath("../SFX/Common/Dash Loop:playing")
tracks/3/interp = 1
tracks/3/loop_wrap = true
tracks/3/keys = {
"times": PackedFloat32Array(0),
"transitions": PackedFloat32Array(1),
"update": 1,
"values": [false]
}
tracks/4/type = "value"
tracks/4/imported = false
tracks/4/enabled = true
tracks/4/path = NodePath("../SFX/Common/Jump:playing")
tracks/4/interp = 1
tracks/4/loop_wrap = true
tracks/4/keys = {
"times": PackedFloat32Array(0),
"transitions": PackedFloat32Array(1),
"update": 1,
"values": [false]
}
tracks/5/type = "value"
tracks/5/imported = false
tracks/5/enabled = true
tracks/5/path = NodePath("../SFX/Pickup:playing")
tracks/5/interp = 1
tracks/5/loop_wrap = true
tracks/5/keys = {
"times": PackedFloat32Array(0),
"transitions": PackedFloat32Array(1),
"update": 1,
"values": [false]
}
tracks/6/type = "value"
tracks/6/imported = false
tracks/6/enabled = true
tracks/6/path = NodePath("../SFX/Attack:playing")
tracks/6/interp = 1
tracks/6/loop_wrap = true
tracks/6/keys = {
"times": PackedFloat32Array(0),
"transitions": PackedFloat32Array(1),
"update": 1,
"values": [false]
}
tracks/7/type = "value"
tracks/7/imported = false
tracks/7/enabled = true
tracks/7/path = NodePath("../SFX/Special 3:playing")
tracks/7/interp = 1
tracks/7/loop_wrap = true
tracks/7/keys = {
"times": PackedFloat32Array(0),
"transitions": PackedFloat32Array(1),
"update": 1,
"values": [false]
}
tracks/8/type = "value"
tracks/8/imported = false
tracks/8/enabled = true
tracks/8/path = NodePath("../SFX/Special 2:playing")
tracks/8/interp = 1
tracks/8/loop_wrap = true
tracks/8/keys = {
"times": PackedFloat32Array(0),
"transitions": PackedFloat32Array(1),
"update": 1,
"values": [false]
}

[sub_resource type="AnimationLibrary" id="AnimationLibrary_wk0gn"]
_data = {
&"RESET": SubResource("Animation_tg7f4")
}

[sub_resource type="Skin" id="Skin_7c1ld"]
resource_name = "Skin"
bind_count = 34
bind/0/name = &"ElbowIK.L"
bind/0/bone = -1
bind/0/pose = Transform3D(-0.0105703, -0.999944, 0, 0, 0, -1, 0.999944, -0.0105703, 0, 1.26447, -0.692334, -0.37274)
bind/1/name = &"KneeIK.L"
bind/1/bone = -1
bind/1/pose = Transform3D(1, 1.50996e-07, 0, 0, 0, 1, 1.50996e-07, -1, 0, -0.0761896, -0.906698, 0.502574)
bind/2/name = &"FootIK.L"
bind/2/bone = -1
bind/2/pose = Transform3D(1, 5.97537e-07, 3.93117e-07, -1.98952e-13, -0.549617, 0.835417, 7.15256e-07, -0.835416, -0.549617, -0.0761895, 0.116931, 0.0659436)
bind/3/name = &"HeadTarget"
bind/3/bone = -1
bind/3/pose = Transform3D(1, -3.89414e-07, 0, 0, 0, 1, -3.89414e-07, -1, 0, 5.41644e-07, -0.260859, 1.39092)
bind/4/name = &"Spine0"
bind/4/bone = -1
bind/4/pose = Transform3D(1, 0, 0, 0, 1, 0, 0, 0, 1, -2.20996e-16, -0.838772, 0.0745371)
bind/5/name = &"Spine1"
bind/5/bone = -1
bind/5/pose = Transform3D(1, -7.61832e-08, 2.25919e-07, 0, 0.947574, 0.319536, -2.38419e-07, -0.319536, 0.947574, 8.07397e-08, -0.770981, 0.338647)
bind/6/name = &"Spine2"
bind/6/bone = -1
bind/6/pose = Transform3D(1, -1.31213e-08, 2.38057e-07, 6.21725e-15, 0.998484, 0.0550346, -2.38419e-07, -0.0550346, 0.998484, 1.88717e-08, -0.983, 0.0791536)
bind/7/name = &"Hip.L"
bind/7/bone = -1
bind/7/pose = Transform3D(1, 5.18959e-09, 2.38574e-07, 1.00495e-08, -0.999792, -0.0203754, 2.38419e-07, 0.0203755, -0.999793, -0.0761895, 0.852041, -0.0585772)
bind/8/name = &"Shin.L"
bind/8/bone = -1
bind/8/pose = Transform3D(1, -8.14238e-09, 2.3828e-07, -6.03962e-14, -0.999417, -0.0341515, 2.38419e-07, 0.0341516, -0.999417, -0.0761895, 0.500629, -0.0654825)
bind/9/name = &"Foot.L"
bind/9/bone = -1
bind/9/pose = Transform3D(1, 5.97537e-07, 3.93117e-07, -2.55795e-13, -0.549617, 0.835417, 7.15256e-07, -0.835417, -0.549617, -0.0761895, 0.116931, 0.0659437)
bind/10/name = &"Hip.R"
bind/10/bone = -1
bind/10/pose = Transform3D(1, 1.49054e-08, -2.38164e-07, 1.00496e-08, -0.999792, -0.0203754, -2.38418e-07, 0.0203755, -0.999793, 0.0761895, 0.852041, -0.0585772)
bind/11/name = &"Shin.R"
bind/11/bone = -1
bind/11/pose = Transform3D(1, 8.14237e-09, -2.38279e-07, -1.59872e-14, -0.999417, -0.0341515, -2.38418e-07, 0.0341516, -0.999417, 0.0761895, 0.500629, -0.0654825)
bind/12/name = &"Foot.R"
bind/12/bone = -1
bind/12/pose = Transform3D(1, -5.97537e-07, -3.93117e-07, -5.68434e-14, -0.549617, 0.835417, -7.15256e-07, -0.835417, -0.549617, 0.0761895, 0.116931, 0.0659437)
bind/13/name = &"CoreIK"
bind/13/bone = -1
bind/13/pose = Transform3D(1, 2.38419e-07, 0, -2.84217e-14, 1.19209e-07, -1, -2.38419e-07, 1, 0, -2.65087e-07, -0.0179904, -1.11186)
bind/14/name = &"Spine3"
bind/14/bone = -1
bind/14/pose = Transform3D(1, 3.65775e-08, 2.35596e-07, -2.4869e-14, 0.988162, -0.153417, -2.38419e-07, 0.153417, 0.988162, -3.64305e-08, -1.10145, -0.152801)
bind/15/name = &"Neck"
bind/15/bone = -1
bind/15/pose = Transform3D(1, 0, 2.38419e-07, -3.74978e-14, 1, -1.19209e-07, -2.38419e-07, 0, 1, 9.2562e-09, -1.30029, 0.0388233)
bind/16/name = &"Head"
bind/16/bone = -1
bind/16/pose = Transform3D(1, -3.89414e-07, 0, 3.88433e-14, -1.19209e-07, 1, -3.89414e-07, -1, 0, 5.41644e-07, 0.0388235, 1.39092)
bind/17/name = &"Shoulder.L"
bind/17/bone = -1
bind/17/pose = Transform3D(-1.98607e-08, -1, 7.45058e-08, 1, -1.98608e-08, -1.27923e-07, 1.27923e-07, -4.47035e-08, 1, 1.26333, -0.0416225, 0.0358472)
bind/18/name = &"Bicep.L"
bind/18/bone = -1
bind/18/pose = Transform3D(-0.0105701, -0.999944, -1.45737e-07, 0.999777, -0.0105683, -0.0182623, 0.0182613, -0.0001933, 0.999833, 1.26447, -0.101811, 0.0339939)
bind/19/name = &"Tricep.L"
bind/19/bone = -1
bind/19/pose = Transform3D(-0.00473935, -0.999989, -7.74235e-08, 0.999779, -0.00473836, 0.0204694, -0.0204692, 9.68152e-05, 0.999791, 1.26227, -0.379191, 0.0485797)
bind/20/name = &"Hand.L"
bind/20/bone = -1
bind/20/pose = Transform3D(1.478e-11, -1, -4.01335e-07, 1, 2.82624e-10, 1.86265e-09, -1.86265e-09, -5.20529e-07, 1, 1.25931, -0.628356, 0.0358478)
bind/21/name = &"ShoulderFIK.L"
bind/21/bone = -1
bind/21/pose = Transform3D(1, 2.16589e-15, -2.38419e-07, 1.3907e-07, 1, -1.19209e-07, 2.38419e-07, 5.16388e-22, 1, -0.114534, -1.26333, 0.0358472)
bind/22/name = &"HandIK.L"
bind/22/bone = -1
bind/22/pose = Transform3D(4.59961e-08, -1, 4.87129e-05, 1, 2.38419e-07, -2.63279e-12, -2.26354e-12, 4.85937e-05, 1, 1.25931, -0.628357, 0.035786)
bind/23/name = &"Shoulder.R"
bind/23/bone = -1
bind/23/pose = Transform3D(-2.02732e-08, 1, -7.45058e-08, -1, -2.02731e-08, -1.30579e-07, -1.30579e-07, -4.47035e-08, 1, -1.26333, -0.0416225, 0.0358472)
bind/24/name = &"Bicep.R"
bind/24/bone = -1
bind/24/pose = Transform3D(-0.0105701, 0.999944, 1.45723e-07, -0.999777, -0.0105683, -0.0182623, -0.0182613, -0.0001933, 0.999833, -1.26447, -0.101811, 0.0339939)
bind/25/name = &"Tricep.R"
bind/25/bone = -1
bind/25/pose = Transform3D(-0.00473935, 0.999989, 7.7438e-08, -0.999779, -0.00473836, 0.0204694, 0.0204692, 9.68152e-05, 0.999791, -1.26227, -0.379191, 0.0485797)
bind/26/name = &"Hand.R"
bind/26/bone = -1
bind/26/pose = Transform3D(1.52348e-11, 1, 4.01335e-07, -1, 2.8217e-10, 1.86265e-09, 1.86265e-09, -5.20537e-07, 1, -1.25931, -0.628356, 0.0358478)
bind/27/name = &"ShoulderFIK.R"
bind/27/bone = -1
bind/27/pose = Transform3D(1, -4.061e-15, 2.38419e-07, -1.39482e-07, 1, -1.19209e-07, -2.38418e-07, 9.68218e-22, 1, 0.114534, -1.26333, 0.0358472)
bind/28/name = &"HandIK.R"
bind/28/bone = -1
bind/28/pose = Transform3D(-1.61051e-08, 1, -4.87129e-05, -1, 1.19209e-07, 1.04689e-13, -7.82606e-13, 4.85937e-05, 1, -1.25931, -0.628356, 0.035786)
bind/29/name = &"Boob.L"
bind/29/bone = -1
bind/29/pose = Transform3D(-0.657809, 0.368236, 0.65703, 0.29648, -0.675314, 0.675315, 0.692378, 0.639024, 0.335053, -0.435196, 0.812118, -0.826932)
bind/30/name = &"Boob.R"
bind/30/bone = -1
bind/30/pose = Transform3D(-0.65781, -0.368236, -0.65703, -0.29648, -0.675315, 0.675315, -0.692378, 0.639025, 0.335054, 0.435197, 0.812119, -0.826934)
bind/31/name = &"ElbowIK.R"
bind/31/bone = -1
bind/31/pose = Transform3D(-0.0105703, 0.999944, 0, 0, 0, -1, -0.999944, -0.0105703, 0, -1.26447, -0.692334, -0.37274)
bind/32/name = &"KneeIK.R"
bind/32/bone = -1
bind/32/pose = Transform3D(1, -1.50996e-07, 0, 0, 0, 1, -1.50996e-07, -1, 0, 0.0761896, -0.906698, 0.502574)
bind/33/name = &"FootIK.R"
bind/33/bone = -1
bind/33/pose = Transform3D(1, -5.97537e-07, -3.93117e-07, 1.98952e-13, -0.549617, 0.835417, -7.15256e-07, -0.835416, -0.549617, 0.0761895, 0.116931, 0.0659436)

[sub_resource type="StandardMaterial3D" id="StandardMaterial3D_qavk5"]
resource_local_to_scene = true
albedo_texture = ExtResource("14_crert")
ao_enabled = true
ao_texture = ExtResource("15_3qkqh")

[sub_resource type="StandardMaterial3D" id="StandardMaterial3D_a52ca"]
resource_local_to_scene = true
albedo_texture = ExtResource("16_v6frh")
ao_enabled = true
ao_texture = ExtResource("17_gu4i4")

[sub_resource type="StandardMaterial3D" id="StandardMaterial3D_l0pgd"]
resource_local_to_scene = true
albedo_texture = ExtResource("18_eg4le")
ao_enabled = true
ao_texture = ExtResource("19_cxqsy")

[sub_resource type="StandardMaterial3D" id="StandardMaterial3D_dyke8"]
resource_local_to_scene = true
transparency = 4
cull_mode = 2
albedo_texture = ExtResource("20_8dfym")
ao_enabled = true
ao_texture = ExtResource("21_v8nyn")

[sub_resource type="StandardMaterial3D" id="StandardMaterial3D_50ija"]
resource_local_to_scene = true
transparency = 4
cull_mode = 2
albedo_texture = ExtResource("22_belp7")
ao_enabled = true
ao_texture = ExtResource("23_8qbnr")

[sub_resource type="StandardMaterial3D" id="StandardMaterial3D_4emee"]
resource_local_to_scene = true
albedo_texture = ExtResource("24_gt4pf")
ao_enabled = true
ao_texture = ExtResource("25_v58wm")

[sub_resource type="StandardMaterial3D" id="StandardMaterial3D_kx3m7"]
resource_local_to_scene = true
albedo_texture = ExtResource("26_rtl1p")
ao_enabled = true
ao_texture = ExtResource("27_ywfvi")

[sub_resource type="AudioStreamRandomizer" id="AudioStreamRandomizer_pd144"]
streams_count = 3
stream_0/stream = ExtResource("20_adcdu")
stream_1/stream = ExtResource("21_pa4n3")
stream_2/stream = ExtResource("22_4n60s")

[sub_resource type="AudioStreamRandomizer" id="AudioStreamRandomizer_e0t7j"]
streams_count = 3
stream_0/stream = ExtResource("18_8njvl")
stream_1/stream = ExtResource("19_glhem")
stream_2/stream = ExtResource("20_ruf3e")

[sub_resource type="AudioStreamRandomizer" id="AudioStreamRandomizer_6fwfh"]
streams_count = 3
stream_0/stream = ExtResource("21_0m75m")
stream_1/stream = ExtResource("22_hccd4")
stream_2/stream = ExtResource("23_bnul5")

[node name="Di" type="Node3D" node_paths=PackedStringArray("skins", "hitboxes", "fists", "jiggle_bones", "sfx_controller", "body_slot", "right_hand_slot")]
script = ExtResource("1_xxywp")
character = 3
character_team = 2
avatar_big = ExtResource("2_72i27")
avatar_small = ExtResource("3_7p708")
skins = [NodePath("Model/Default"), NodePath("Model/Skin1"), NodePath("Model/Skin2"), NodePath("Model/Skin3")]
stat_speed = 2
stat_power = 2
hitboxes = [NodePath("Model/Armature/Skeleton3D/Hitboxes/Head/Area3D"), NodePath("Model/Armature/Skeleton3D/Hitboxes/Torso/Area3D"), NodePath("Model/Armature/Skeleton3D/Hitboxes/HipL/Area3D"), NodePath("Model/Armature/Skeleton3D/Hitboxes/ShinL/Area3D"), NodePath("Model/Armature/Skeleton3D/Hitboxes/FootL/Area3D"), NodePath("Model/Armature/Skeleton3D/Hitboxes/HipR/Area3D"), NodePath("Model/Armature/Skeleton3D/Hitboxes/ShinR/Area3D"), NodePath("Model/Armature/Skeleton3D/Hitboxes/FootR/Area3D"), NodePath("Model/Armature/Skeleton3D/Hitboxes/BicepL/Area3D"), NodePath("Model/Armature/Skeleton3D/Hitboxes/TricepL/Area3D"), NodePath("Model/Armature/Skeleton3D/Hitboxes/HandL/Area3D"), NodePath("Model/Armature/Skeleton3D/Hitboxes/BicepR/Area3D"), NodePath("Model/Armature/Skeleton3D/Hitboxes/TricepR/Area3D"), NodePath("Model/Armature/Skeleton3D/Hitboxes/HandR/Area3D")]
fists = [NodePath("Model/Armature/Skeleton3D/Fists/HandL/Fist"), NodePath("Model/Armature/Skeleton3D/Fists/HandR/Fist")]
jiggle_bones = [NodePath("Model/Armature/Skeleton3D/BoobJiggle_L"), NodePath("Model/Armature/Skeleton3D/BoobJiggle_R")]
sfx_controller = NodePath("SFX")
body_slot = NodePath("Model/Armature/Skeleton3D/Body Slot")
right_hand_slot = NodePath("Model/Armature/Skeleton3D/Right Hand Slot")
initial_loadout = ExtResource("4_75wuh")

[node name="Model" parent="." instance=ExtResource("1_lan5e")]
transform = Transform3D(-1.1, 0, -1.66095e-07, 0, 1.1, 0, 1.66095e-07, 0, -1.1, 0, 0, 0)

[node name="Skeleton3D" parent="Model/Armature" index="0"]
bones/0/position = Vector3(0.787353, 1.4491, -0.692334)
bones/0/rotation = Quaternion(0.49735, -0.502636, 0.502636, -0.49735)
bones/0/scale = Vector3(1, 1, 1)
bones/1/position = Vector3(0.117995, 0.691214, 0.906698)
bones/1/rotation = Quaternion(0.707107, 5.33851e-08, 5.33851e-08, 0.707107)
bones/2/position = Vector3(0.0952715, 0.525897, -0.423262)
bones/2/rotation = Quaternion(0.966502, -0.0172536, -0.0701438, -0.246283)
bones/3/position = Vector3(-0.0236415, 1.4761, 0.707735)
bones/3/rotation = Quaternion(0.707107, -1.37679e-07, -1.37679e-07, 0.707107)
bones/4/position = Vector3(2.20996e-16, 0.882858, -0.00382489)
bones/4/rotation = Quaternion(0.102664, -0.3847, -0.0518614, 0.915847)
bones/5/position = Vector3(1.1921e-09, 5.32225e-08, -1.9794e-08)
bones/5/rotation = Quaternion(0.133361, 0.360686, 0.0594794, 0.921186)
bones/6/rotation = Quaternion(-0.0769022, -0.198304, -0.0644044, 0.974994)
bones/7/rotation = Quaternion(0.992448, -0.0536359, -0.0570665, 0.0944103)
bones/8/rotation = Quaternion(0.577927, -5.68904e-09, 6.14655e-07, 0.816089)
bones/9/rotation = Quaternion(-0.459543, 0.0116604, 0.0764489, 0.884783)
bones/10/rotation = Quaternion(0.795765, -0.0886152, -0.0606544, 0.596009)
bones/11/rotation = Quaternion(0.491959, -5.55231e-09, -1.1684e-08, 0.870619)
bones/12/rotation = Quaternion(-0.553285, -0.00869921, -0.0195356, 0.832718)
bones/13/position = Vector3(-1.66893e-08, 0.273086, 0.0565469)
bones/13/rotation = Quaternion(-0.707107, -8.23181e-08, 8.62693e-08, 0.707107)
bones/14/position = Vector3(-8.47957e-05, -0.000154216, 0.00126017)
bones/15/rotation = Quaternion(0.0769366, -1.86787e-08, -1.83833e-08, 0.997036)
bones/16/rotation = Quaternion(0.537715, 0.317003, -0.214379, 0.751274)
bones/17/position = Vector3(0.0416225, 0.152419, 0.00559291)
bones/17/rotation = Quaternion(0.0254192, 0.0795648, -0.705534, 0.703737)
bones/18/rotation = Quaternion(0.0492755, -0.0337777, -0.456006, 0.887969)
bones/19/rotation = Quaternion(0.510004, 2.72412e-06, 0.0767795, 0.856739)
bones/20/rotation = Quaternion(0.1459, -0.0943502, -0.166638, 0.970589)
bones/21/rotation = Quaternion(-4.1371e-08, 7.12669e-09, 0.707107, 0.707107)
bones/22/position = Vector3(0.236932, -0.269743, 0.255313)
bones/22/rotation = Quaternion(0.221455, -0.635343, -0.730224, 0.118613)
bones/22/scale = Vector3(1, 1, 1)
bones/23/position = Vector3(-0.0423809, 0.16336, 0.00607286)
bones/23/rotation = Quaternion(0.111619, 0.0117543, 0.700589, 0.704683)
bones/24/rotation = Quaternion(-0.14315, -0.200135, 0.473483, 0.845735)
bones/25/rotation = Quaternion(0.847394, -1.63983e-06, -0.127573, 0.515411)
bones/26/rotation = Quaternion(0.0295772, 0.240993, 0.241242, 0.939601)
bones/27/rotation = Quaternion(-4.27367e-08, -9.1509e-09, -0.707107, 0.707107)
bones/28/position = Vector3(-0.119178, -0.202827, 0.124282)
bones/28/rotation = Quaternion(0.269123, 0.63617, 0.713061, -0.120016)
bones/28/scale = Vector3(1, 1, 1)
bones/29/rotation = Quaternion(0.413519, 0.33829, 0.84526, -0.00987934)
bones/30/rotation = Quaternion(-0.413519, 0.33829, 0.84526, 0.00987936)
bones/30/scale = Vector3(1, 1, 1)
bones/31/position = Vector3(-0.122186, 1.14633, -0.677365)
bones/31/rotation = Quaternion(-0.49735, -0.502636, 0.502636, 0.49735)
bones/31/scale = Vector3(1, 1, 1)
bones/32/position = Vector3(-0.11306, 0.711778, 0.906698)
bones/32/rotation = Quaternion(0.707107, -5.33851e-08, -5.33851e-08, 0.707107)
bones/33/position = Vector3(-0.104087, 0.272097, 0.217185)
bones/33/rotation = Quaternion(0.878887, -1.6882e-07, -3.15274e-07, 0.477029)

[node name="BoobJiggle_L" type="BoneAttachment3D" parent="Model/Armature/Skeleton3D" index="0"]
transform = Transform3D(-0.92364836, -0.28673172, 0.25428063, 0.37560445, -0.80907506, 0.4520169, 0.0761245, 0.5130136, 0.8549985, -0.025725707, 1.2507699, 0.17974126)
bone_name = "Boob.L"
bone_idx = 29
script = ExtResource("5_8w6jy")
properties = SubResource("Resource_gxjwx")

[node name="BoobJiggle_R" type="BoneAttachment3D" parent="Model/Armature/Skeleton3D" index="1"]
transform = Transform3D(0.00451529, -0.7009925, -0.71315426, -0.14670797, -0.7059093, 0.6929421, -0.98916954, 0.10149654, -0.10602867, -0.08929699, 1.2666013, 0.11659108)
bone_name = "Boob.R"
bone_idx = 30
script = ExtResource("5_8w6jy")
properties = SubResource("Resource_gxjwx")

[node name="Body Slot" type="BoneAttachment3D" parent="Model/Armature/Skeleton3D" index="2"]
transform = Transform3D(0.6986324, 0.71530175, 0.01600438, -0.17398378, 0.14814696, 0.97354096, 0.69400465, -0.6829317, 0.22795118, -0.036077492, 1.1403412, 0.0970431)
bone_name = "CoreIK"
bone_idx = 13

[node name="Offset" type="Node3D" parent="Model/Armature/Skeleton3D/Body Slot"]
transform = Transform3D(1, 0, 0, 0, -4.37114e-08, -1, 0, 1, -4.37114e-08, 0, 0.2, 0)

[node name="Right Hand Slot" type="BoneAttachment3D" parent="Model/Armature/Skeleton3D" index="3"]
transform = Transform3D(-0.97679734, -0.08126865, 0.19814697, 0.21414942, -0.38199538, 0.8990103, 0.0026298016, 0.9205839, 0.39053574, -0.28575087, 1.1237757, 0.03616178)
bone_name = "Hand.R"
bone_idx = 26

[node name="Offset" type="Node3D" parent="Model/Armature/Skeleton3D/Right Hand Slot"]
transform = Transform3D(1, 0, 0, 0, -4.37114e-08, -1, 0, 1, -4.37114e-08, 0.00895185, 0.0500496, -3.59192e-07)

[node name="Hitboxes" parent="Model/Armature/Skeleton3D" index="4" instance=ExtResource("8_516h7")]

[node name="Head" parent="Model/Armature/Skeleton3D/Hitboxes" index="0"]
transform = Transform3D(0.99992454, -0.01220873, -0.0013058783, -2.3543835e-06, 0.10616637, -0.99434817, 0.012278497, 0.9942733, 0.106158346, -0.01685868, 1.4163258, 0.14676213)

[node name="Torso" parent="Model/Armature/Skeleton3D/Hitboxes" index="1"]
transform = Transform3D(0.9005617, -0.03965505, -0.43291587, -0.09714061, 0.95229524, -0.2893043, 0.4237362, 0.3025901, 0.8537485, -0.031119112, 1.0212631, 0.059206467)

[node name="HipL" parent="Model/Armature/Skeleton3D/Hitboxes" index="2"]
transform = Transform3D(0.9939446, 0.09591933, -0.053607754, 0.10568622, -0.9680404, 0.22743782, -0.030078841, -0.23172629, -0.9723156, 0.068899795, 0.90594375, 0.039068803)

[node name="ShinL" parent="Model/Armature/Skeleton3D/Hitboxes" index="3"]
transform = Transform3D(0.9939446, -0.018722724, -0.108275816, 0.10568542, -0.10685353, 0.98864186, -0.030079773, -0.9940981, -0.10422757, 0.102524936, 0.5665909, -0.04216435)

[node name="FootL" parent="Model/Armature/Skeleton3D/Hitboxes" index="4"]
transform = Transform3D(0.9895659, -0.067854375, -0.12710232, 0.0012467727, -0.87809557, 0.47848332, -0.1440752, -0.47364932, -0.8688487, 0.0953459, 0.52561903, -0.423341)

[node name="HipR" parent="Model/Armature/Skeleton3D/Hitboxes" index="5"]
transform = Transform3D(0.99908435, -0.04277222, -0.0010233363, -0.028974548, -0.65881, -0.75175095, 0.03147986, 0.75109243, -0.6594459, -0.08030804, 0.88019884, 0.021934485)

[node name="ShinR" parent="Model/Armature/Skeleton3D/Hitboxes" index="6"]
transform = Transform3D(0.99908435, -0.02294506, 0.036111385, -0.028974527, -0.9838777, 0.17647943, 0.031479843, -0.17736384, -0.98364156, -0.09530213, 0.6492488, 0.28523487)

[node name="FootR" parent="Model/Armature/Skeleton3D/Hitboxes" index="7"]
transform = Transform3D(1.0000001, -1.946464e-05, -3.0957162e-05, -3.652228e-05, -0.54452986, -0.83874124, -5.401671e-07, 0.8387414, -0.5445296, -0.10410015, 0.27199113, 0.21722652)

[node name="BicepL" parent="Model/Armature/Skeleton3D/Hitboxes" index="8"]
transform = Transform3D(-0.6354961, 0.33607846, -0.69512296, -0.4296906, -0.90194035, -0.04323833, -0.641491, 0.27121007, 0.71758914, 0.06279524, 1.2719902, 0.1951173)

[node name="TricepL" parent="Model/Armature/Skeleton3D/Hitboxes" index="9"]
transform = Transform3D(-0.6382239, -0.3665648, -0.6769789, -0.54667217, -0.40336636, 0.7337882, -0.5420515, 0.8384067, 0.057047095, 0.15407798, 1.027013, 0.26878104)

[node name="HandL" parent="Model/Armature/Skeleton3D/Hitboxes" index="10"]
transform = Transform3D(-0.55382097, -0.73249865, -0.39588878, -0.26628196, -0.29468, 0.9177459, -0.78890824, 0.613685, -0.031851355, 0.06525015, 0.9292671, 0.47194815)

[node name="BicepR" parent="Model/Armature/Skeleton3D/Hitboxes" index="11"]
transform = Transform3D(-0.79647654, -0.19096103, -0.5737237, 0.56665605, -0.5668342, -0.5979967, -0.2110122, -0.8013943, 0.5596792, -0.10874942, 1.3218774, 0.05106299)

[node name="TricepR" parent="Model/Armature/Skeleton3D/Hitboxes" index="12"]
transform = Transform3D(-0.6213952, -0.51638955, 0.589245, 0.75204605, -0.18216443, 0.6334374, -0.21976101, 0.8367543, 0.5015448, -0.1606166, 1.1679187, -0.16660485)

[node name="HandR" parent="Model/Armature/Skeleton3D/Hitboxes" index="13"]
transform = Transform3D(-0.9767973, -0.08126865, 0.19814695, 0.21414942, -0.38199538, 0.89901024, 0.0026298016, 0.92058384, 0.39053574, -0.28575087, 1.1237758, 0.03616178)

[node name="Fists" parent="Model/Armature/Skeleton3D" index="5" instance=ExtResource("9_5ck1j")]

[node name="HandL" parent="Model/Armature/Skeleton3D/Fists" index="0"]
transform = Transform3D(-0.55382097, -0.73249865, -0.39588878, -0.26628196, -0.29468, 0.9177459, -0.78890824, 0.613685, -0.031851355, 0.06525015, 0.9292671, 0.47194815)

[node name="HandR" parent="Model/Armature/Skeleton3D/Fists" index="1"]
transform = Transform3D(-0.9767973, -0.08126865, 0.19814695, 0.21414942, -0.38199538, 0.89901024, 0.0026298016, 0.92058384, 0.39053574, -0.28575087, 1.1237758, 0.03616178)

[node name="Di" parent="Model/Armature/Skeleton3D" index="6"]
visible = false
layers = 4

[node name="AnimationPlayer" parent="Model" index="1"]
libraries = {
&"": SubResource("AnimationLibrary_wk0gn"),
&"Lower Body": ExtResource("7_sh0fi"),
&"Taunts": ExtResource("5_uyi18"),
&"Upper Body": ExtResource("9_y82gw")
}

[node name="Default" parent="Model" instance=ExtResource("5_8q50d")]
skin = SubResource("Skin_7c1ld")
skeleton = NodePath("../Armature/Skeleton3D")
surface_material_override/0 = SubResource("StandardMaterial3D_qavk5")
surface_material_override/1 = SubResource("StandardMaterial3D_a52ca")
surface_material_override/2 = SubResource("StandardMaterial3D_l0pgd")
surface_material_override/3 = SubResource("StandardMaterial3D_dyke8")
surface_material_override/4 = SubResource("StandardMaterial3D_50ija")
surface_material_override/5 = SubResource("StandardMaterial3D_4emee")
surface_material_override/6 = SubResource("StandardMaterial3D_kx3m7")
face_surface = 5

[node name="Skin1" parent="Model" instance=ExtResource("7_gbxw1")]
visible = false
skeleton = NodePath("../Armature/Skeleton3D")

[node name="Skin2" parent="Model" instance=ExtResource("8_74yiy")]
visible = false
skeleton = NodePath("../Armature/Skeleton3D")

[node name="Skin3" parent="Model" instance=ExtResource("9_nc41o")]
visible = false
skeleton = NodePath("../Armature/Skeleton3D")

[node name="SFX" type="Node3D" parent="."]
process_mode = 3
script = ExtResource("4_8y5bw")

[node name="Taunts" type="Node3D" parent="SFX"]

[node name="Entrance" type="AudioStreamPlayer3D" parent="SFX/Taunts"]
stream = ExtResource("8_6bbiy")
volume_db = -15.0
max_db = 0.0
bus = &"Characters"
attenuation_filter_db = 0.0

[node name="Win" type="AudioStreamPlayer3D" parent="SFX/Taunts"]
stream = ExtResource("9_3qc8s")
volume_db = -15.0
max_db = 0.0
bus = &"Characters"
attenuation_filter_db = 0.0

[node name="Lose" type="AudioStreamPlayer3D" parent="SFX/Taunts"]
stream = ExtResource("10_em5mr")
volume_db = -15.0
max_db = 0.0
bus = &"Characters"
attenuation_filter_db = 0.0

[node name="Common" parent="SFX" instance=ExtResource("8_e8aq4")]

[node name="Death" type="AudioStreamPlayer3D" parent="SFX"]
transform = Transform3D(1, 0, 0, 0, 1, 0, 0, 0, 1, 0, 1.49041, 0)
stream = ExtResource("19_xql4t")
volume_db = -10.0
max_db = 0.0
pitch_scale = 0.64
bus = &"Characters"
attenuation_filter_db = 0.0

[node name="Hit" type="AudioStreamPlayer3D" parent="SFX"]
transform = Transform3D(1, 0, 0, 0, 1, 0, 0, 0, 1, 0, 1.49041, 0)
stream = SubResource("AudioStreamRandomizer_pd144")
volume_db = -10.0
max_db = 0.0
pitch_scale = 0.64
bus = &"Characters"
attenuation_filter_db = 0.0

[node name="Pickup" type="AudioStreamPlayer3D" parent="SFX"]
transform = Transform3D(1, 0, 0, 0, 1, 0, 0, 0, 1, 0, 1.49041, 0)
stream = SubResource("AudioStreamRandomizer_e0t7j")
volume_db = -10.0
max_db = 0.0
pitch_scale = 0.64
bus = &"Characters"
attenuation_filter_db = 0.0

[node name="Attack" type="AudioStreamPlayer3D" parent="SFX"]
transform = Transform3D(1, 0, 0, 0, 1, 0, 0, 0, 1, 0, 1.49041, 0)
stream = SubResource("AudioStreamRandomizer_6fwfh")
volume_db = -10.0
max_db = 0.0
pitch_scale = 0.64
bus = &"Characters"
attenuation_filter_db = 0.0

[node name="Special 1" type="AudioStreamPlayer3D" parent="SFX"]
transform = Transform3D(1, 0, 0, 0, 1, 0, 0, 0, 1, 0, 1.49041, 0)
stream = ExtResource("24_8p3tl")
volume_db = -10.0
max_db = 0.0
pitch_scale = 0.64
bus = &"Characters"
attenuation_filter_db = 0.0

[node name="Special 2" type="AudioStreamPlayer3D" parent="SFX"]
transform = Transform3D(1, 0, 0, 0, 1, 0, 0, 0, 1, 0, 1.49041, 0)
stream = ExtResource("25_o57uw")
volume_db = -10.0
max_db = 0.0
pitch_scale = 0.64
bus = &"Characters"
attenuation_filter_db = 0.0

[node name="Special 3" type="AudioStreamPlayer3D" parent="SFX"]
transform = Transform3D(1, 0, 0, 0, 1, 0, 0, 0, 1, 0, 1.49041, 0)
stream = ExtResource("26_84ddn")
volume_db = -10.0
max_db = 0.0
pitch_scale = 0.64
bus = &"Characters"
attenuation_filter_db = 0.0

[editable path="Model"]
[editable path="Model/Armature/Skeleton3D/Hitboxes"]
[editable path="Model/Armature/Skeleton3D/Fists"]
[editable path="SFX/Common"]
