[gd_scene format=3 uid="uid://duvycjn3ulr5"]

[ext_resource type="Script" uid="uid://b67p4er5pdntl" path="res://Scripts/Characters/CharacterController.gd" id="1_2d4v2"]
[ext_resource type="PackedScene" uid="uid://dtfwtnaja8d2w" path="res://Models/Characters/Di/Di.glb" id="1_re6lv"]
[ext_resource type="Texture2D" uid="uid://yoxdebxlanyo" path="res://Textures/Characters/Di/Cards/17adbb73.png" id="2_51v3q"]
[ext_resource type="AnimationLibrary" uid="uid://vfmegwigbpp6" path="res://Animations/Libraries/Lower Body.res" id="2_wdexw"]
[ext_resource type="Script" uid="uid://0a1jysr3rwqr" path="res://addons/wigglebone/wiggle_bone.gd" id="3_bsshr"]
[ext_resource type="Script" uid="uid://bosu3x1t1to4" path="res://Scripts/Characters/CharacterSFXController.gd" id="3_j1lmw"]
[ext_resource type="Texture2D" uid="uid://bhgtb3nef8el1" path="res://Textures/Characters/Di/Cards/ddb26342.png" id="3_j6tad"]
[ext_resource type="AnimationLibrary" uid="uid://debkqh8ifqnbf" path="res://Animations/Characters/Di/Taunts.res" id="3_uswe7"]
[ext_resource type="PackedScene" uid="uid://cbljabamec4yv" path="res://Prefabs/Characters/Common/GameplayAnimationTreeV2.tscn" id="4_5roht"]
[ext_resource type="AudioStream" uid="uid://o2bkqgxtn8n" path="res://Sound/Characters/Di/Taunts/Entrance.wav" id="4_d37jy"]
[ext_resource type="Script" uid="uid://clqr0agw21yiu" path="res://addons/wigglebone/wiggle_properties.gd" id="4_g14d5"]
[ext_resource type="PackedScene" uid="uid://bmuljmi6fxn4h" path="res://Prefabs/Characters/Common/Hitboxes.tscn" id="5_rn7ny"]
[ext_resource type="PackedScene" uid="uid://cnwwwjk7llw03" path="res://Prefabs/Characters/Common/TauntAnimationTree.tscn" id="5_sq7nw"]
[ext_resource type="AudioStream" uid="uid://srlaaa2tu160" path="res://Sound/Characters/Di/Taunts/Win.wav" id="5_uswe7"]
[ext_resource type="PackedScene" uid="uid://bexuiaqh7fwn0" path="res://Prefabs/Characters/Common/Fists.tscn" id="6_2d4v2"]
[ext_resource type="AnimationLibrary" uid="uid://dnhupqy51bnxj" path="res://Animations/Libraries/Upper Body.res" id="6_bsshr"]
[ext_resource type="PackedScene" uid="uid://bn3lfst3ikk2g" path="res://Prefabs/Weapons/HardSword.tscn" id="6_gu4i4"]
[ext_resource type="AudioStream" uid="uid://dla5xgblecomg" path="res://Sound/Characters/Di/Taunts/Lose.wav" id="6_vpj87"]
[ext_resource type="PackedScene" uid="uid://blgqvbxjfjr68" path="res://Prefabs/Characters/Common/SFX/Common.tscn" id="7_keb7p"]
[ext_resource type="PackedScene" uid="uid://qyu6mwstbrvs" path="res://Models/Characters/Di/Skins/Default.tscn" id="8_5roht"]
[ext_resource type="AudioStream" uid="uid://clp7gr2asyohx" path="res://Sound/Characters/Di/Damage/Death.wav" id="8_vd4rb"]
[ext_resource type="Texture2D" uid="uid://bpqrrrqovrd4m" path="res://Textures/Characters/Di/bed17116.png" id="9_ds68s"]
[ext_resource type="AudioStream" uid="uid://bba52mmsrdcsh" path="res://Sound/Characters/Di/Damage/Hit 1.wav" id="9_lx0n2"]
[ext_resource type="AudioStream" uid="uid://duv1lpvt7b36p" path="res://Sound/Characters/Di/Damage/Hit 2.wav" id="10_bsshr"]
[ext_resource type="Texture2D" uid="uid://yva0dsg32mhp" path="res://Textures/Characters/Di/bed17116_spec.png" id="10_orw0i"]
[ext_resource type="PackedScene" uid="uid://bd0tmkxux0lir" path="res://Models/Characters/Di/Skins/Skin2.tscn" id="10_tj0pt"]
[ext_resource type="AudioStream" uid="uid://dop6ag3s0xkbb" path="res://Sound/Characters/Di/Damage/Hit 3.wav" id="11_g14d5"]
[ext_resource type="PackedScene" uid="uid://cqfcdxs7lnf2s" path="res://Models/Characters/Di/Skins/Skin3.tscn" id="11_h62hk"]
[ext_resource type="Texture2D" uid="uid://l7elbnb74pu5" path="res://Textures/Characters/Di/125799c1.png" id="11_t75ac"]
[ext_resource type="Texture2D" uid="uid://duhjc81ptw5ut" path="res://Textures/Characters/Di/125799c1_spec.png" id="12_ess3g"]
[ext_resource type="AudioStream" uid="uid://cqg6y44whamnl" path="res://Sound/Characters/Di/Pickup/Pickup 1.wav" id="12_rn7ny"]
[ext_resource type="AudioStream" uid="uid://cwgdilwqayilw" path="res://Sound/Characters/Di/Pickup/Pickup 2.wav" id="13_2d4v2"]
[ext_resource type="Texture2D" uid="uid://dhdfu6om1d1c4" path="res://Textures/Characters/Di/9c8b0c60.png" id="13_lcknh"]
[ext_resource type="Texture2D" uid="uid://u4ibpltkp2r" path="res://Textures/Characters/Di/9c8b0c60_spec.png" id="14_7m6tq"]
[ext_resource type="AudioStream" uid="uid://d03p5btghoq41" path="res://Sound/Characters/Di/Pickup/Pickup 3.wav" id="14_51v3q"]
[ext_resource type="AudioStream" uid="uid://desgnf0sb36hl" path="res://Sound/Characters/Di/Attack/Attack 1.wav" id="15_j6tad"]
[ext_resource type="Texture2D" uid="uid://drybh1wflimah" path="res://Textures/Characters/Di/e50b3e8a.png" id="15_uty00"]
[ext_resource type="AudioStream" uid="uid://dfnotbt72sadj" path="res://Sound/Characters/Di/Attack/Attack 2.wav" id="16_5roht"]
[ext_resource type="Texture2D" uid="uid://cor7iwby0to5f" path="res://Textures/Characters/Di/e50b3e8a_spec.png" id="16_r8nem"]
[ext_resource type="AudioStream" uid="uid://bn7lp573a01x3" path="res://Sound/Characters/Di/Attack/Attack 3.wav" id="17_sq7nw"]
[ext_resource type="Texture2D" uid="uid://bl0lx22dh2fp" path="res://Textures/Characters/Di/a6cbf87d.png" id="17_ums2s"]
[ext_resource type="Texture2D" uid="uid://ieray1ih0vha" path="res://Textures/Characters/Di/a6cbf87d_spec.png" id="18_gmxdb"]
[ext_resource type="AudioStream" uid="uid://dc4qffu0jelau" path="res://Sound/Characters/Di/Specials/Special 1.wav" id="18_tj0pt"]
[ext_resource type="AudioStream" uid="uid://cvuwl5aqc1uvo" path="res://Sound/Characters/Di/Specials/Special 2.wav" id="19_h62hk"]
[ext_resource type="Texture2D" uid="uid://b1sk6gm5ycpdy" path="res://Textures/Characters/Di/b136187a.png" id="19_lcg3t"]
[ext_resource type="Texture2D" uid="uid://c06r71nx4e1go" path="res://Textures/Characters/Di/b136187a_spec.png" id="20_3mmw4"]
[ext_resource type="AudioStream" uid="uid://mp6i1ksly1sg" path="res://Sound/Characters/Di/Specials/Special 3.wav" id="20_rvvl3"]
[ext_resource type="Texture2D" uid="uid://ce7skcnv4i81n" path="res://Textures/Characters/Di/406c45bc.png" id="21_wou6w"]
[ext_resource type="Texture2D" uid="uid://bdpoxexfynxdr" path="res://Textures/Characters/Di/406c45bc_spec.png" id="22_g6kak"]
[ext_resource type="PackedScene" uid="uid://nppdq326ihs4" path="res://Models/Characters/Di/Skins/Skin1.tscn" id="23_orw0i"]
[ext_resource type="PackedScene" uid="uid://bf5nixetmlasw" path="res://Models/Weapons/Hard Sword.glb" id="28_lcknh"]
[ext_resource type="AnimationLibrary" uid="uid://dge8odbv61k4d" path="res://Animations/Libraries/Hit Reactions.res" id="31_eg4le"]

[sub_resource type="StandardMaterial3D" id="StandardMaterial3D_eg4le"]
resource_local_to_scene = true
albedo_texture = ExtResource("9_ds68s")
ao_enabled = true
ao_texture = ExtResource("10_orw0i")

[sub_resource type="StandardMaterial3D" id="StandardMaterial3D_cxqsy"]
resource_local_to_scene = true
albedo_texture = ExtResource("11_t75ac")
ao_enabled = true
ao_texture = ExtResource("12_ess3g")

[sub_resource type="StandardMaterial3D" id="StandardMaterial3D_8dfym"]
resource_local_to_scene = true
albedo_texture = ExtResource("13_lcknh")
ao_enabled = true
ao_texture = ExtResource("14_7m6tq")

[sub_resource type="StandardMaterial3D" id="StandardMaterial3D_v8nyn"]
resource_local_to_scene = true
transparency = 4
cull_mode = 2
albedo_texture = ExtResource("15_uty00")
ao_enabled = true
ao_texture = ExtResource("16_r8nem")

[sub_resource type="StandardMaterial3D" id="StandardMaterial3D_belp7"]
resource_local_to_scene = true
transparency = 4
cull_mode = 2
albedo_texture = ExtResource("17_ums2s")
ao_enabled = true
ao_texture = ExtResource("18_gmxdb")

[sub_resource type="StandardMaterial3D" id="StandardMaterial3D_8qbnr"]
resource_local_to_scene = true
albedo_texture = ExtResource("19_lcg3t")
ao_enabled = true
ao_texture = ExtResource("20_3mmw4")

[sub_resource type="StandardMaterial3D" id="StandardMaterial3D_gt4pf"]
resource_local_to_scene = true
albedo_texture = ExtResource("21_wou6w")
ao_enabled = true
ao_texture = ExtResource("22_g6kak")

[sub_resource type="Resource" id="Resource_51v3q"]
script = ExtResource("4_g14d5")
damping = 0.3

[sub_resource type="Animation" id="Animation_lx0n2"]
length = 0.001
tracks/0/type = "value"
tracks/0/imported = false
tracks/0/enabled = true
tracks/0/path = NodePath(".:position")
tracks/0/interp = 1
tracks/0/loop_wrap = true
tracks/0/keys = {
"times": PackedFloat32Array(0),
"transitions": PackedFloat32Array(1),
"update": 0,
"values": [Vector3(0, 0, 0)]
}
tracks/1/type = "value"
tracks/1/imported = false
tracks/1/enabled = true
tracks/1/path = NodePath("../../SFX/Taunts/Entrance:playing")
tracks/1/interp = 1
tracks/1/loop_wrap = true
tracks/1/keys = {
"times": PackedFloat32Array(0),
"transitions": PackedFloat32Array(1),
"update": 1,
"values": [false]
}
tracks/2/type = "value"
tracks/2/imported = false
tracks/2/enabled = true
tracks/2/path = NodePath("%GeneralSkeleton/BoneAttachment3D/Hard Sword:position")
tracks/2/interp = 1
tracks/2/loop_wrap = true
tracks/2/keys = {
"times": PackedFloat32Array(0),
"transitions": PackedFloat32Array(1),
"update": 0,
"values": [Vector3(0.06696474, -0.053564906, 0.13264066)]
}
tracks/3/type = "value"
tracks/3/imported = false
tracks/3/enabled = true
tracks/3/path = NodePath("%GeneralSkeleton/BoneAttachment3D/Hard Sword:rotation")
tracks/3/interp = 1
tracks/3/loop_wrap = true
tracks/3/keys = {
"times": PackedFloat32Array(0),
"transitions": PackedFloat32Array(1),
"update": 0,
"values": [Vector3(-0.68810743, -1.0158061, 0.023779431)]
}
tracks/4/type = "value"
tracks/4/imported = false
tracks/4/enabled = true
tracks/4/path = NodePath("GeneralSkeleton/BoneAttachment3D:bone_name")
tracks/4/interp = 1
tracks/4/loop_wrap = true
tracks/4/keys = {
"times": PackedFloat32Array(0),
"transitions": PackedFloat32Array(1),
"update": 1,
"values": ["Hip.L"]
}
tracks/5/type = "value"
tracks/5/imported = false
tracks/5/enabled = true
tracks/5/path = NodePath("GeneralSkeleton/BoneAttachment3D:visible")
tracks/5/interp = 1
tracks/5/loop_wrap = true
tracks/5/keys = {
"times": PackedFloat32Array(0),
"transitions": PackedFloat32Array(1),
"update": 1,
"values": [false]
}
tracks/6/type = "position_3d"
tracks/6/imported = false
tracks/6/enabled = true
tracks/6/path = NodePath("%GeneralSkeleton")
tracks/6/interp = 1
tracks/6/loop_wrap = true
tracks/6/keys = PackedFloat32Array(0, 1, 0, 0, 0)

[sub_resource type="AnimationLibrary" id="AnimationLibrary_bsshr"]
_data = {
&"RESET": SubResource("Animation_lx0n2")
}

[sub_resource type="AudioStreamRandomizer" id="AudioStreamRandomizer_f2gsq"]
streams_count = 3
stream_0/stream = ExtResource("9_lx0n2")
stream_1/stream = ExtResource("10_bsshr")
stream_2/stream = ExtResource("11_g14d5")

[sub_resource type="AudioStreamRandomizer" id="AudioStreamRandomizer_g7bry"]
streams_count = 3
stream_0/stream = ExtResource("12_rn7ny")
stream_1/stream = ExtResource("13_2d4v2")
stream_2/stream = ExtResource("14_51v3q")

[sub_resource type="AudioStreamRandomizer" id="AudioStreamRandomizer_r4dm0"]
streams_count = 3
stream_0/stream = ExtResource("15_j6tad")
stream_1/stream = ExtResource("16_5roht")
stream_2/stream = ExtResource("17_sq7nw")

[node name="Di" type="Node3D" unique_id=33256245 node_paths=PackedStringArray("skins", "hitboxes", "fists", "jiggle_bones", "sfx_controller", "body_slot", "right_hand_slot")]
script = ExtResource("1_2d4v2")
character = 3
character_team = 2
avatar_big = ExtResource("2_51v3q")
avatar_small = ExtResource("3_j6tad")
skins = [NodePath("Model/Armature/GeneralSkeleton/Default"), NodePath("Model/Armature/GeneralSkeleton/Skin1"), NodePath("Model/Armature/GeneralSkeleton/Skin2"), NodePath("Model/Armature/GeneralSkeleton/Skin3")]
stat_speed = 2
stat_power = 2
hitboxes = [NodePath("Model/Armature/GeneralSkeleton/Hitboxes/Head/Area3D"), NodePath("Model/Armature/GeneralSkeleton/Hitboxes/Torso/Area3D"), NodePath("Model/Armature/GeneralSkeleton/Hitboxes/HipL/Area3D"), NodePath("Model/Armature/GeneralSkeleton/Hitboxes/ShinL/Area3D"), NodePath("Model/Armature/GeneralSkeleton/Hitboxes/FootL/Area3D"), NodePath("Model/Armature/GeneralSkeleton/Hitboxes/HipR/Area3D"), NodePath("Model/Armature/GeneralSkeleton/Hitboxes/ShinR/Area3D"), NodePath("Model/Armature/GeneralSkeleton/Hitboxes/FootR/Area3D"), NodePath("Model/Armature/GeneralSkeleton/Hitboxes/BicepL/Area3D"), NodePath("Model/Armature/GeneralSkeleton/Hitboxes/TricepL/Area3D"), NodePath("Model/Armature/GeneralSkeleton/Hitboxes/HandL/Area3D"), NodePath("Model/Armature/GeneralSkeleton/Hitboxes/BicepR/Area3D"), NodePath("Model/Armature/GeneralSkeleton/Hitboxes/TricepR/Area3D"), NodePath("Model/Armature/GeneralSkeleton/Hitboxes/HandR/Area3D")]
fists = [NodePath("Model/Armature/GeneralSkeleton/Fists/HandL/LeftFist"), NodePath("Model/Armature/GeneralSkeleton/Fists/HandR/RightFist")]
jiggle_bones = [NodePath("Model/Armature/GeneralSkeleton/BoobJiggle_L"), NodePath("Model/Armature/GeneralSkeleton/BoobJiggle_R")]
sfx_controller = NodePath("SFX")
gameplay_animation_tree = ExtResource("4_5roht")
taunt_animation_tree = ExtResource("5_sq7nw")
body_slot = NodePath("Model/Armature/GeneralSkeleton/Body Slot")
right_hand_slot = NodePath("Model/Armature/GeneralSkeleton/Right Hand Slot")
initial_loadout = ExtResource("6_gu4i4")

[node name="Model" parent="." unique_id=2115535207 instance=ExtResource("1_re6lv")]
transform = Transform3D(-1, 0, -8.742278e-08, 0, 1, 0, 8.742278e-08, 0, -1, 0, 0, 0)

[node name="GeneralSkeleton" parent="Model/Armature" parent_id_path=PackedInt32Array(2115535207, 1021530955) index="0" unique_id=1941634595]
bones/0/position = Vector3(0.66700405, 1.227601, -0.586509)
bones/0/rotation = Quaternion(0.4973504, -0.50263566, 0.50263566, -0.4973504)
bones/1/position = Vector3(0.20531088, 0.615043, 0.63993007)
bones/2/position = Vector3(0.09008973, 0.40849912, 0.18082595)
bones/2/rotation = Quaternion(0.9966792, 0.0003490932, -0.078467876, -0.021757787)
bones/3/position = Vector3(-0.020027822, 1.250471, 0.59955615)
bones/3/rotation = Quaternion(0.70710677, -1.3767877e-07, -1.3767877e-07, 0.70710677)
bones/4/position = Vector3(1.8721656e-16, 0.71871185, -0.06314396)
bones/4/rotation = Quaternion(-0.039677672, -0.38814285, 0.010936307, 0.92067975)
bones/5/position = Vector3(-2.019754e-09, -3.4314446e-08, -2.367713e-08)
bones/5/rotation = Quaternion(-0.018967325, 0.36374074, 0.11429186, 0.92426753)
bones/6/rotation = Quaternion(0.08662878, -0.18718478, -0.08764116, 0.97456473)
bones/7/rotation = Quaternion(-0.64653814, 0.16895863, 0.024210263, 0.7435424)
bones/8/rotation = Quaternion(0.5375339, -2.1722774e-06, -4.9149037e-08, -0.84324217)
bones/9/rotation = Quaternion(0.025684731, 0.90155023, -0.4304728, -0.0352239)
bones/10/rotation = Quaternion(-0.2279144, -0.18725272, -0.2760874, 0.91474986)
bones/11/rotation = Quaternion(0.71646774, 9.2155915e-07, 1.958077e-08, -0.6976202)
bones/12/rotation = Quaternion(-0.0031951298, 0.8243054, -0.51777464, 0.2289539)
bones/13/rotation = Quaternion(-5.9604645e-08, -6.111822e-09, 4.656755e-10, 1)
bones/15/rotation = Quaternion(-0.031275205, 0.01356403, 0.032275673, 0.99889755)
bones/16/rotation = Quaternion(0.015693082, 0.38586655, -0.0010179782, 0.9224205)
bones/17/rotation = Quaternion(0.535036, 0.51284367, 0.44270498, -0.504718)
bones/18/rotation = Quaternion(-0.7585155, 0.09288855, 0.023190916, 0.6445837)
bones/19/rotation = Quaternion(0.058817945, -0.00303176, -0.38763148, 0.919931)
bones/20/rotation = Quaternion(0.13218924, 0.9788835, 0.015778556, 0.15512668)
bones/21/rotation = Quaternion(0.38511246, 0.6245898, 0.6012884, 0.3162725)
bones/22/position = Vector3(-0.11293101, -0.3739523, 0.071999975)
bones/22/rotation = Quaternion(0.09114648, -0.42970166, -0.8746, -0.20524064)
bones/23/rotation = Quaternion(0.45292735, -0.5492823, -0.53363943, -0.45648098)
bones/24/rotation = Quaternion(-0.40333754, -0.3379058, 0.5863898, 0.6158616)
bones/25/rotation = Quaternion(0.05217828, 0.0026892424, 0.34387296, 0.9375615)
bones/26/rotation = Quaternion(0.1776765, 0.7967787, 0.103605434, -0.5681909)
bones/27/rotation = Quaternion(-0.66727203, 0.6727282, 0.2712988, -0.16906202)
bones/28/position = Vector3(0.18694466, -0.028261993, 0.35843974)
bones/28/rotation = Quaternion(0.20849256, 0.681156, 0.69473636, -0.09949249)
bones/29/rotation = Quaternion(0.41305315, 0.40231866, 0.8167279, 0.021964679)
bones/31/position = Vector3(-0.5596943, 1.0653337, -0.5420316)
bones/31/rotation = Quaternion(-0.4973504, -0.50263566, 0.50263566, 0.4973504)
bones/32/position = Vector3(-0.42398527, 0.44039726, 0.39557195)
bones/33/position = Vector3(-0.09499515, 0.1958239, -0.15271421)
bones/33/rotation = Quaternion(0.98026574, 0.0034835562, 0.081359796, -0.18013233)

[node name="Di" parent="Model/Armature/GeneralSkeleton" index="0" unique_id=1256875981]
visible = false

[node name="Default" parent="Model/Armature/GeneralSkeleton" index="1" unique_id=2020747127 instance=ExtResource("8_5roht")]
surface_material_override/0 = SubResource("StandardMaterial3D_eg4le")
surface_material_override/1 = SubResource("StandardMaterial3D_cxqsy")
surface_material_override/2 = SubResource("StandardMaterial3D_8dfym")
surface_material_override/3 = SubResource("StandardMaterial3D_v8nyn")
surface_material_override/4 = SubResource("StandardMaterial3D_belp7")
surface_material_override/5 = SubResource("StandardMaterial3D_8qbnr")
surface_material_override/6 = SubResource("StandardMaterial3D_gt4pf")

[node name="Skin1" parent="Model/Armature/GeneralSkeleton" index="2" unique_id=561423234 instance=ExtResource("23_orw0i")]
visible = false

[node name="Skin2" parent="Model/Armature/GeneralSkeleton" index="3" unique_id=284445026 instance=ExtResource("10_tj0pt")]
visible = false

[node name="Skin3" parent="Model/Armature/GeneralSkeleton" index="4" unique_id=1706575762 instance=ExtResource("11_h62hk")]
visible = false

[node name="BoobJiggle_L" type="BoneAttachment3D" parent="Model/Armature/GeneralSkeleton" index="5" unique_id=644137206]
transform = Transform3D(-0.92567766, -0.28336555, 0.25064915, 0.375906, -0.6143185, 0.69376355, -0.042610258, 0.7364219, 0.6751797, -0.027736802, 1.1237826, -0.0011752844)
bone_name = "Boob.L"
bone_idx = 29
script = ExtResource("3_bsshr")
properties = SubResource("Resource_51v3q")

[node name="BoobJiggle_R" type="BoneAttachment3D" parent="Model/Armature/GeneralSkeleton" index="6" unique_id=1800434290]
transform = Transform3D(0.0067827697, -0.6975181, -0.71653455, -0.44292206, -0.644523, 0.62322515, -0.89653444, 0.3131418, -0.3133178, -0.09129158, 1.1191474, -0.06613061)
bone_name = "Boob.R"
bone_idx = 30
script = ExtResource("3_bsshr")
properties = SubResource("Resource_51v3q")

[node name="Body Slot" type="BoneAttachment3D" parent="Model/Armature/GeneralSkeleton" index="7" unique_id=826614518]
transform = Transform3D(0.69845104, 0.010663622, -0.7155784, 0.050938882, 0.99661213, 0.06457128, 0.7138427, -0.081550635, 0.6955416, -0.03755167, 0.9945234, -0.046083525)
bone_name = "Spine"
bone_idx = 13

[node name="Offset" type="Node3D" parent="Model/Armature/GeneralSkeleton/Body Slot" unique_id=1210358302]
transform = Transform3D(1, 0, 0, 0, 1, 0, 0, 0, 1, 7.450581e-09, -0.01865423, -0.21198544)

[node name="Right Hand Slot" type="BoneAttachment3D" parent="Model/Armature/GeneralSkeleton" index="8" unique_id=1506265234]
transform = Transform3D(-0.2898057, -0.09149137, 0.9527025, 0.6420045, -0.7568331, 0.122612104, 0.70981896, 0.6471732, 0.27807254, -0.1325551, 0.7785313, 0.16847813)
bone_name = "RightHand"
bone_idx = 26

[node name="Offset" type="Node3D" parent="Model/Armature/GeneralSkeleton/Right Hand Slot" unique_id=1403801959]
transform = Transform3D(-4.371139e-08, 1, -4.371139e-08, 0, -4.371139e-08, -1, -1, -4.371139e-08, 1.9106855e-15, 3.602707e-09, 0.06111415, -5.820782e-11)

[node name="BoneAttachment3D" type="BoneAttachment3D" parent="Model/Armature/GeneralSkeleton" index="9" unique_id=1875387094]
transform = Transform3D(0.9739512, -0.22419097, 0.034021582, -0.053544376, -0.08158421, 0.9952271, -0.22034533, -0.97112435, -0.09146323, 0.07028084, 0.7535076, -0.03200149)
visible = false
bone_name = "Hip.L"
bone_idx = 7

[node name="Hard Sword" parent="Model/Armature/GeneralSkeleton/BoneAttachment3D" unique_id=428881691 instance=ExtResource("28_lcknh")]
transform = Transform3D(0.5396199, 0.5270733, -0.6565089, 0.018366674, 0.7722308, 0.63507634, 0.84170836, -0.35475776, 0.40703055, 0.06696474, -0.053564906, 0.13264066)

[node name="object_0" parent="Model/Armature/GeneralSkeleton/BoneAttachment3D/Hard Sword" index="0"]
layers = 8

[node name="object_1" parent="Model/Armature/GeneralSkeleton/BoneAttachment3D/Hard Sword" index="1"]
layers = 8

[node name="Hitboxes" parent="Model/Armature/GeneralSkeleton" index="10" unique_id=979417101 instance=ExtResource("5_rn7ny")]

[node name="Head" parent="Model/Armature/GeneralSkeleton/Hitboxes" index="0"]
transform = Transform3D(0.9997399, -0.00047687627, 0.022800803, -0.0027454942, 0.98999363, 0.14108562, -0.02263996, -0.14111152, 0.9897349, -0.019812148, 1.2702689, -0.091412)

[node name="Torso" parent="Model/Armature/GeneralSkeleton/Hitboxes" index="1"]
transform = Transform3D(0.9144682, -0.051527467, -0.40136358, 0.047318593, 0.9986714, -0.02039969, 0.40188158, -0.00033709407, 0.9156915, -0.029527618, 0.8700278, -0.045008294)

[node name="HipL" parent="Model/Armature/GeneralSkeleton/Hitboxes" index="2"]
transform = Transform3D(0.9739512, -0.22419097, 0.034021582, -0.053544376, -0.08158421, 0.9952271, -0.22034533, -0.97112435, -0.09146323, 0.07028084, 0.7535076, -0.03200149)

[node name="Area3D" parent="Model/Armature/GeneralSkeleton/Hitboxes/HipL" index="0"]
transform = Transform3D(1, 0, 0, 0, 1, 0, 0, 0, 1, 0, -0.223, 0)

[node name="ShinL" parent="Model/Armature/GeneralSkeleton/Hitboxes" index="3"]
transform = Transform3D(0.9739516, -0.12547866, -0.18887411, -0.053547893, -0.93665344, 0.3461402, -0.2203428, -0.32701, -0.9189742, 0.14861313, 0.7749929, 0.30901504)
bone_name = "LeftLowerLeg"

[node name="FootL" parent="Model/Armature/GeneralSkeleton/Hitboxes" index="4"]
transform = Transform3D(-0.98768526, 0.08370397, 0.13217881, -0.004109012, -0.85843253, 0.5129102, 0.1563992, 0.5060507, 0.8482051, 0.098054394, 0.42058513, 0.1716656)
bone_name = "LeftFoot"

[node name="HipR" parent="Model/Armature/GeneralSkeleton/Hitboxes" index="5"]
transform = Transform3D(0.81219983, 0.46303907, -0.3548609, -0.16312242, 0.76427865, 0.6239145, 0.5601094, -0.44885755, 0.69627905, -0.07931535, 0.72467184, -0.034973934)

[node name="Area3D" parent="Model/Armature/GeneralSkeleton/Hitboxes/HipR" index="0"]
transform = Transform3D(1, 0, 0, 0, 1, 0, 0, 0, 1, 0, -0.22310358, -9.778887e-09)

[node name="ShinR" parent="Model/Armature/GeneralSkeleton/Hitboxes" index="6"]
transform = Transform3D(0.81219995, 0.34239498, 0.47233137, -0.16312061, -0.64406264, 0.7473787, 0.5601097, -0.68406796, -0.46725613, -0.23906831, 0.45234817, 0.11736998)
bone_name = "RightLowerLeg"

[node name="FootR" parent="Model/Armature/GeneralSkeleton/Hitboxes" index="7"]
transform = Transform3D(-0.9867369, -0.05678636, -0.15207052, 0.022481501, -0.9755932, 0.21843141, -0.16076276, 0.21211557, 0.9639306, -0.101671904, 0.2153201, -0.1508945)
bone_name = "RightFoot"

[node name="BicepL" parent="Model/Armature/GeneralSkeleton/Hitboxes" index="8"]
transform = Transform3D(-0.7310203, -0.0528125, 0.6803089, 0.0055215657, -0.99742544, -0.071497254, 0.68233347, -0.04850948, 0.72942984, 0.061131716, 1.152322, 0.006104037)

[node name="TricepL" parent="Model/Armature/GeneralSkeleton/Hitboxes" index="9"]
transform = Transform3D(-0.50086606, -0.48245066, 0.718592, 0.71843165, -0.6947507, 0.034310132, 0.48268953, 0.5334442, 0.6945849, 0.048463665, 0.88164806, -0.012547117)

[node name="HandL" parent="Model/Armature/GeneralSkeleton/Hitboxes" index="10"]
transform = Transform3D(0.116797835, -0.540851, -0.83296967, -0.8522234, -0.48524758, 0.19557607, -0.5099741, 0.6870335, -0.5176017, -0.071729936, 0.7168538, 0.11828816)
bone_name = "LeftHand"

[node name="BicepR" parent="Model/Armature/GeneralSkeleton/Hitboxes" index="11"]
transform = Transform3D(-0.7598959, -0.28150028, -0.5859317, -0.082368344, -0.8524085, 0.5163479, -0.64480543, 0.44063297, 0.62455505, -0.11137494, 1.1408308, -0.14318255)

[node name="TricepR" parent="Model/Armature/GeneralSkeleton/Hitboxes" index="12"]
transform = Transform3D(-0.7798349, 0.21796569, -0.58681226, -0.5968374, -0.5416116, 0.59198135, -0.18879281, 0.81187946, 0.55245775, -0.18990394, 0.90746766, -0.028519444)

[node name="HandR" parent="Model/Armature/GeneralSkeleton/Hitboxes" index="13"]
transform = Transform3D(-0.2898057, -0.09149137, 0.9527025, 0.6420045, -0.7568331, 0.122612104, 0.70981896, 0.6471732, 0.27807254, -0.1325551, 0.7785313, 0.16847813)
bone_name = "RightHand"

[node name="Fists" parent="Model/Armature/GeneralSkeleton" index="11" unique_id=1022998179 instance=ExtResource("6_2d4v2")]

[node name="HandL" parent="Model/Armature/GeneralSkeleton/Fists" index="0" unique_id=1272063757]
transform = Transform3D(0.116797835, -0.540851, -0.83296967, -0.8522234, -0.48524758, 0.19557607, -0.5099741, 0.6870335, -0.5176017, -0.071729936, 0.7168538, 0.11828816)

[node name="HandR" parent="Model/Armature/GeneralSkeleton/Fists" index="1" unique_id=415397566]
transform = Transform3D(-0.2898057, -0.09149137, 0.9527025, 0.6420045, -0.7568331, 0.122612104, 0.70981896, 0.6471732, 0.27807254, -0.1325551, 0.7785313, 0.16847813)

[node name="AnimationPlayer" type="AnimationPlayer" parent="Model" unique_id=786046162]
root_node = NodePath("../Armature")
libraries/ = SubResource("AnimationLibrary_bsshr")
"libraries/Hit Reactions" = ExtResource("31_eg4le")
"libraries/Lower Body" = ExtResource("2_wdexw")
libraries/Taunts = ExtResource("3_uswe7")
"libraries/Upper Body" = ExtResource("6_bsshr")

[node name="SFX" type="Node3D" parent="." unique_id=1602980485]
process_mode = 3
script = ExtResource("3_j1lmw")

[node name="Taunts" type="Node3D" parent="SFX" unique_id=700805070]

[node name="Entrance" type="AudioStreamPlayer3D" parent="SFX/Taunts" unique_id=1141550345]
stream = ExtResource("4_d37jy")
volume_db = -15.0
max_db = 0.0
bus = &"Characters"
attenuation_filter_db = 0.0

[node name="Win" type="AudioStreamPlayer3D" parent="SFX/Taunts" unique_id=1696195523]
stream = ExtResource("5_uswe7")
volume_db = -15.0
max_db = 0.0
bus = &"Characters"
attenuation_filter_db = 0.0

[node name="Lose" type="AudioStreamPlayer3D" parent="SFX/Taunts" unique_id=139966299]
stream = ExtResource("6_vpj87")
volume_db = -15.0
max_db = 0.0
bus = &"Characters"
attenuation_filter_db = 0.0

[node name="Common" parent="SFX" unique_id=714393391 instance=ExtResource("7_keb7p")]

[node name="Death" type="AudioStreamPlayer3D" parent="SFX" unique_id=1485889411]
transform = Transform3D(1, 0, 0, 0, 1, 0, 0, 0, 1, 0, 1.49041, 0)
stream = ExtResource("8_vd4rb")
volume_db = -10.0
max_db = 0.0
pitch_scale = 0.64
bus = &"Characters"
attenuation_filter_db = 0.0

[node name="Hit" type="AudioStreamPlayer3D" parent="SFX" unique_id=559946080]
transform = Transform3D(1, 0, 0, 0, 1, 0, 0, 0, 1, 0, 1.49041, 0)
stream = SubResource("AudioStreamRandomizer_f2gsq")
volume_db = -10.0
max_db = 0.0
pitch_scale = 0.64
bus = &"Characters"
attenuation_filter_db = 0.0

[node name="Pickup" type="AudioStreamPlayer3D" parent="SFX" unique_id=1966986105]
transform = Transform3D(1, 0, 0, 0, 1, 0, 0, 0, 1, 0, 1.49041, 0)
stream = SubResource("AudioStreamRandomizer_g7bry")
volume_db = -10.0
max_db = 0.0
pitch_scale = 0.64
bus = &"Characters"
attenuation_filter_db = 0.0

[node name="Attack" type="AudioStreamPlayer3D" parent="SFX" unique_id=472812534]
transform = Transform3D(1, 0, 0, 0, 1, 0, 0, 0, 1, 0, 1.49041, 0)
stream = SubResource("AudioStreamRandomizer_r4dm0")
volume_db = -10.0
max_db = 0.0
pitch_scale = 0.64
bus = &"Characters"
attenuation_filter_db = 0.0

[node name="Special 1" type="AudioStreamPlayer3D" parent="SFX" unique_id=718128154]
transform = Transform3D(1, 0, 0, 0, 1, 0, 0, 0, 1, 0, 1.49041, 0)
stream = ExtResource("18_tj0pt")
volume_db = -10.0
max_db = 0.0
pitch_scale = 0.64
bus = &"Characters"
attenuation_filter_db = 0.0

[node name="Special 2" type="AudioStreamPlayer3D" parent="SFX" unique_id=984579111]
transform = Transform3D(1, 0, 0, 0, 1, 0, 0, 0, 1, 0, 1.49041, 0)
stream = ExtResource("19_h62hk")
volume_db = -10.0
max_db = 0.0
pitch_scale = 0.64
bus = &"Characters"
attenuation_filter_db = 0.0

[node name="Special 3" type="AudioStreamPlayer3D" parent="SFX" unique_id=1005239836]
transform = Transform3D(1, 0, 0, 0, 1, 0, 0, 0, 1, 0, 1.49041, 0)
stream = ExtResource("20_rvvl3")
volume_db = -10.0
max_db = 0.0
pitch_scale = 0.64
bus = &"Characters"
attenuation_filter_db = 0.0

[editable path="Model"]
[editable path="Model/Armature/GeneralSkeleton/BoneAttachment3D/Hard Sword"]
[editable path="Model/Armature/GeneralSkeleton/Hitboxes"]
[editable path="Model/Armature/GeneralSkeleton/Fists"]
[editable path="SFX/Common"]
