[gd_scene load_steps=65 format=3 uid="uid://duvycjn3ulr5"]

[ext_resource type="Script" uid="uid://b67p4er5pdntl" path="res://Scripts/Characters/CharacterController.gd" id="1_2d4v2"]
[ext_resource type="PackedScene" uid="uid://dtfwtnaja8d2w" path="res://Models/Characters/Di/Di.glb" id="1_re6lv"]
[ext_resource type="Texture2D" uid="uid://yoxdebxlanyo" path="res://Textures/Characters/Di/Cards/17adbb73.png" id="2_51v3q"]
[ext_resource type="AnimationLibrary" uid="uid://vfmegwigbpp6" path="res://Animations/Libraries/Lower Body.res" id="2_wdexw"]
[ext_resource type="Script" uid="uid://0a1jysr3rwqr" path="res://addons/wigglebone/wiggle_bone.gd" id="3_bsshr"]
[ext_resource type="Script" uid="uid://bosu3x1t1to4" path="res://Scripts/Characters/CharacterSFXController.gd" id="3_j1lmw"]
[ext_resource type="Texture2D" uid="uid://bhgtb3nef8el1" path="res://Textures/Characters/Di/Cards/ddb26342.png" id="3_j6tad"]
[ext_resource type="AnimationLibrary" uid="uid://debkqh8ifqnbf" path="res://Animations/Characters/Di/Taunts.res" id="3_uswe7"]
[ext_resource type="PackedScene" uid="uid://cbljabamec4yv" path="res://Prefabs/Characters/Common/GameplayAnimationTreeV2.tscn" id="4_5roht"]
[ext_resource type="AudioStream" uid="uid://o2bkqgxtn8n" path="res://Sound/Characters/Di/Taunts/Entrance.wav" id="4_d37jy"]
[ext_resource type="Script" uid="uid://clqr0agw21yiu" path="res://addons/wigglebone/wiggle_properties.gd" id="4_g14d5"]
[ext_resource type="PackedScene" uid="uid://bmuljmi6fxn4h" path="res://Prefabs/Characters/Common/Hitboxes.tscn" id="5_rn7ny"]
[ext_resource type="PackedScene" uid="uid://cnwwwjk7llw03" path="res://Prefabs/Characters/Common/TauntAnimationTree.tscn" id="5_sq7nw"]
[ext_resource type="AudioStream" uid="uid://srlaaa2tu160" path="res://Sound/Characters/Di/Taunts/Win.wav" id="5_uswe7"]
[ext_resource type="PackedScene" uid="uid://bexuiaqh7fwn0" path="res://Prefabs/Characters/Common/Fists.tscn" id="6_2d4v2"]
[ext_resource type="AnimationLibrary" uid="uid://dnhupqy51bnxj" path="res://Animations/Libraries/Upper Body.res" id="6_bsshr"]
[ext_resource type="PackedScene" uid="uid://c4wyss068ducy" path="res://Prefabs/Weapons/HardSword.tscn" id="6_tj0pt"]
[ext_resource type="AudioStream" uid="uid://dla5xgblecomg" path="res://Sound/Characters/Di/Taunts/Lose.wav" id="6_vpj87"]
[ext_resource type="PackedScene" uid="uid://blgqvbxjfjr68" path="res://Prefabs/Characters/Common/SFX/Common.tscn" id="7_keb7p"]
[ext_resource type="PackedScene" uid="uid://qyu6mwstbrvs" path="res://Models/Characters/Di/Skins/Default.tscn" id="8_5roht"]
[ext_resource type="AudioStream" uid="uid://clp7gr2asyohx" path="res://Sound/Characters/Di/Damage/Death.wav" id="8_vd4rb"]
[ext_resource type="Texture2D" uid="uid://bpqrrrqovrd4m" path="res://Textures/Characters/Di/bed17116.png" id="9_ds68s"]
[ext_resource type="AudioStream" uid="uid://bba52mmsrdcsh" path="res://Sound/Characters/Di/Damage/Hit 1.wav" id="9_lx0n2"]
[ext_resource type="AudioStream" uid="uid://duv1lpvt7b36p" path="res://Sound/Characters/Di/Damage/Hit 2.wav" id="10_bsshr"]
[ext_resource type="Texture2D" uid="uid://yva0dsg32mhp" path="res://Textures/Characters/Di/bed17116_spec.png" id="10_orw0i"]
[ext_resource type="PackedScene" uid="uid://bd0tmkxux0lir" path="res://Models/Characters/Di/Skins/Skin2.tscn" id="10_tj0pt"]
[ext_resource type="AudioStream" uid="uid://dop6ag3s0xkbb" path="res://Sound/Characters/Di/Damage/Hit 3.wav" id="11_g14d5"]
[ext_resource type="PackedScene" uid="uid://cqfcdxs7lnf2s" path="res://Models/Characters/Di/Skins/Skin3.tscn" id="11_h62hk"]
[ext_resource type="Texture2D" uid="uid://l7elbnb74pu5" path="res://Textures/Characters/Di/125799c1.png" id="11_t75ac"]
[ext_resource type="Texture2D" uid="uid://duhjc81ptw5ut" path="res://Textures/Characters/Di/125799c1_spec.png" id="12_ess3g"]
[ext_resource type="AudioStream" uid="uid://cqg6y44whamnl" path="res://Sound/Characters/Di/Pickup/Pickup 1.wav" id="12_rn7ny"]
[ext_resource type="AudioStream" uid="uid://cwgdilwqayilw" path="res://Sound/Characters/Di/Pickup/Pickup 2.wav" id="13_2d4v2"]
[ext_resource type="Texture2D" uid="uid://dhdfu6om1d1c4" path="res://Textures/Characters/Di/9c8b0c60.png" id="13_lcknh"]
[ext_resource type="Texture2D" uid="uid://u4ibpltkp2r" path="res://Textures/Characters/Di/9c8b0c60_spec.png" id="14_7m6tq"]
[ext_resource type="AudioStream" uid="uid://d03p5btghoq41" path="res://Sound/Characters/Di/Pickup/Pickup 3.wav" id="14_51v3q"]
[ext_resource type="AudioStream" uid="uid://desgnf0sb36hl" path="res://Sound/Characters/Di/Attack/Attack 1.wav" id="15_j6tad"]
[ext_resource type="Texture2D" uid="uid://drybh1wflimah" path="res://Textures/Characters/Di/e50b3e8a.png" id="15_uty00"]
[ext_resource type="AudioStream" uid="uid://dfnotbt72sadj" path="res://Sound/Characters/Di/Attack/Attack 2.wav" id="16_5roht"]
[ext_resource type="Texture2D" uid="uid://cor7iwby0to5f" path="res://Textures/Characters/Di/e50b3e8a_spec.png" id="16_r8nem"]
[ext_resource type="AudioStream" uid="uid://bn7lp573a01x3" path="res://Sound/Characters/Di/Attack/Attack 3.wav" id="17_sq7nw"]
[ext_resource type="Texture2D" uid="uid://bl0lx22dh2fp" path="res://Textures/Characters/Di/a6cbf87d.png" id="17_ums2s"]
[ext_resource type="Texture2D" uid="uid://ieray1ih0vha" path="res://Textures/Characters/Di/a6cbf87d_spec.png" id="18_gmxdb"]
[ext_resource type="AudioStream" uid="uid://dc4qffu0jelau" path="res://Sound/Characters/Di/Specials/Special 1.wav" id="18_tj0pt"]
[ext_resource type="AudioStream" uid="uid://cvuwl5aqc1uvo" path="res://Sound/Characters/Di/Specials/Special 2.wav" id="19_h62hk"]
[ext_resource type="Texture2D" uid="uid://b1sk6gm5ycpdy" path="res://Textures/Characters/Di/b136187a.png" id="19_lcg3t"]
[ext_resource type="Texture2D" uid="uid://c06r71nx4e1go" path="res://Textures/Characters/Di/b136187a_spec.png" id="20_3mmw4"]
[ext_resource type="AudioStream" uid="uid://mp6i1ksly1sg" path="res://Sound/Characters/Di/Specials/Special 3.wav" id="20_rvvl3"]
[ext_resource type="Texture2D" uid="uid://ce7skcnv4i81n" path="res://Textures/Characters/Di/406c45bc.png" id="21_wou6w"]
[ext_resource type="Texture2D" uid="uid://bdpoxexfynxdr" path="res://Textures/Characters/Di/406c45bc_spec.png" id="22_g6kak"]
[ext_resource type="PackedScene" uid="uid://nppdq326ihs4" path="res://Models/Characters/Di/Skins/Skin1.tscn" id="23_orw0i"]
[ext_resource type="PackedScene" uid="uid://bf5nixetmlasw" path="res://Models/Weapons/Hard Sword.glb" id="28_lcknh"]

[sub_resource type="StandardMaterial3D" id="StandardMaterial3D_7m6tq"]
resource_local_to_scene = true
albedo_texture = ExtResource("9_ds68s")
ao_enabled = true
ao_texture = ExtResource("10_orw0i")

[sub_resource type="StandardMaterial3D" id="StandardMaterial3D_uty00"]
resource_local_to_scene = true
albedo_texture = ExtResource("11_t75ac")
ao_enabled = true
ao_texture = ExtResource("12_ess3g")

[sub_resource type="StandardMaterial3D" id="StandardMaterial3D_r8nem"]
resource_local_to_scene = true
albedo_texture = ExtResource("13_lcknh")
ao_enabled = true
ao_texture = ExtResource("14_7m6tq")

[sub_resource type="StandardMaterial3D" id="StandardMaterial3D_ums2s"]
resource_local_to_scene = true
transparency = 4
cull_mode = 2
albedo_texture = ExtResource("15_uty00")
ao_enabled = true
ao_texture = ExtResource("16_r8nem")

[sub_resource type="StandardMaterial3D" id="StandardMaterial3D_gmxdb"]
resource_local_to_scene = true
transparency = 4
cull_mode = 2
albedo_texture = ExtResource("17_ums2s")
ao_enabled = true
ao_texture = ExtResource("18_gmxdb")

[sub_resource type="StandardMaterial3D" id="StandardMaterial3D_lcg3t"]
resource_local_to_scene = true
albedo_texture = ExtResource("19_lcg3t")
ao_enabled = true
ao_texture = ExtResource("20_3mmw4")

[sub_resource type="StandardMaterial3D" id="StandardMaterial3D_3mmw4"]
resource_local_to_scene = true
albedo_texture = ExtResource("21_wou6w")
ao_enabled = true
ao_texture = ExtResource("22_g6kak")

[sub_resource type="Resource" id="Resource_51v3q"]
script = ExtResource("4_g14d5")
damping = 0.3

[sub_resource type="Animation" id="Animation_lx0n2"]
length = 0.001
tracks/0/type = "value"
tracks/0/imported = false
tracks/0/enabled = true
tracks/0/path = NodePath(".:position")
tracks/0/interp = 1
tracks/0/loop_wrap = true
tracks/0/keys = {
"times": PackedFloat32Array(0),
"transitions": PackedFloat32Array(1),
"update": 0,
"values": [Vector3(0, 0, 0)]
}
tracks/1/type = "value"
tracks/1/imported = false
tracks/1/enabled = true
tracks/1/path = NodePath("../../SFX/Taunts/Entrance:playing")
tracks/1/interp = 1
tracks/1/loop_wrap = true
tracks/1/keys = {
"times": PackedFloat32Array(0),
"transitions": PackedFloat32Array(1),
"update": 1,
"values": [false]
}
tracks/2/type = "value"
tracks/2/imported = false
tracks/2/enabled = true
tracks/2/path = NodePath("%GeneralSkeleton/BoneAttachment3D/Hard Sword:position")
tracks/2/interp = 1
tracks/2/loop_wrap = true
tracks/2/keys = {
"times": PackedFloat32Array(0),
"transitions": PackedFloat32Array(1),
"update": 0,
"values": [Vector3(0.06696474, -0.053564906, 0.13264066)]
}
tracks/3/type = "value"
tracks/3/imported = false
tracks/3/enabled = true
tracks/3/path = NodePath("%GeneralSkeleton/BoneAttachment3D/Hard Sword:rotation")
tracks/3/interp = 1
tracks/3/loop_wrap = true
tracks/3/keys = {
"times": PackedFloat32Array(0),
"transitions": PackedFloat32Array(1),
"update": 0,
"values": [Vector3(-0.68810743, -1.0158061, 0.023779431)]
}
tracks/4/type = "value"
tracks/4/imported = false
tracks/4/enabled = true
tracks/4/path = NodePath("GeneralSkeleton/BoneAttachment3D:bone_name")
tracks/4/interp = 1
tracks/4/loop_wrap = true
tracks/4/keys = {
"times": PackedFloat32Array(0),
"transitions": PackedFloat32Array(1),
"update": 1,
"values": ["Hip.L"]
}
tracks/5/type = "value"
tracks/5/imported = false
tracks/5/enabled = true
tracks/5/path = NodePath("GeneralSkeleton/BoneAttachment3D:visible")
tracks/5/interp = 1
tracks/5/loop_wrap = true
tracks/5/keys = {
"times": PackedFloat32Array(0),
"transitions": PackedFloat32Array(1),
"update": 1,
"values": [false]
}

[sub_resource type="AnimationLibrary" id="AnimationLibrary_bsshr"]
_data = {
&"RESET": SubResource("Animation_lx0n2")
}

[sub_resource type="AudioStreamRandomizer" id="AudioStreamRandomizer_f2gsq"]
streams_count = 3
stream_0/stream = ExtResource("9_lx0n2")
stream_1/stream = ExtResource("10_bsshr")
stream_2/stream = ExtResource("11_g14d5")

[sub_resource type="AudioStreamRandomizer" id="AudioStreamRandomizer_g7bry"]
streams_count = 3
stream_0/stream = ExtResource("12_rn7ny")
stream_1/stream = ExtResource("13_2d4v2")
stream_2/stream = ExtResource("14_51v3q")

[sub_resource type="AudioStreamRandomizer" id="AudioStreamRandomizer_r4dm0"]
streams_count = 3
stream_0/stream = ExtResource("15_j6tad")
stream_1/stream = ExtResource("16_5roht")
stream_2/stream = ExtResource("17_sq7nw")

[node name="Di" type="Node3D" node_paths=PackedStringArray("skins", "hitboxes", "fists", "jiggle_bones", "sfx_controller", "body_slot", "right_hand_slot")]
script = ExtResource("1_2d4v2")
character = 3
character_team = 2
avatar_big = ExtResource("2_51v3q")
avatar_small = ExtResource("3_j6tad")
skins = [NodePath("Model/Armature/GeneralSkeleton/Default"), NodePath("Model/Armature/GeneralSkeleton/Skin1"), NodePath("Model/Armature/GeneralSkeleton/Skin2"), NodePath("Model/Armature/GeneralSkeleton/Skin3")]
is_v2 = true
stat_speed = 2
stat_power = 2
hitboxes = [NodePath("Model/Armature/GeneralSkeleton/Hitboxes/Head/Area3D"), NodePath("Model/Armature/GeneralSkeleton/Hitboxes/Torso/Area3D"), NodePath("Model/Armature/GeneralSkeleton/Hitboxes/HipL/Area3D"), NodePath("Model/Armature/GeneralSkeleton/Hitboxes/ShinL/Area3D"), NodePath("Model/Armature/GeneralSkeleton/Hitboxes/FootL/Area3D"), NodePath("Model/Armature/GeneralSkeleton/Hitboxes/HipR/Area3D"), NodePath("Model/Armature/GeneralSkeleton/Hitboxes/ShinR/Area3D"), NodePath("Model/Armature/GeneralSkeleton/Hitboxes/FootR/Area3D"), NodePath("Model/Armature/GeneralSkeleton/Hitboxes/BicepL/Area3D"), NodePath("Model/Armature/GeneralSkeleton/Hitboxes/TricepL/Area3D"), NodePath("Model/Armature/GeneralSkeleton/Hitboxes/HandL/Area3D"), NodePath("Model/Armature/GeneralSkeleton/Hitboxes/BicepR/Area3D"), NodePath("Model/Armature/GeneralSkeleton/Hitboxes/TricepR/Area3D"), NodePath("Model/Armature/GeneralSkeleton/Hitboxes/HandR/Area3D")]
fists = [NodePath("Model/Armature/GeneralSkeleton/Fists/HandL/Fist"), NodePath("Model/Armature/GeneralSkeleton/Fists/HandR/Fist")]
jiggle_bones = [NodePath("Model/Armature/GeneralSkeleton/BoobJiggle_L"), NodePath("Model/Armature/GeneralSkeleton/BoobJiggle_R")]
sfx_controller = NodePath("SFX")
gameplay_animation_tree = ExtResource("4_5roht")
taunt_animation_tree = ExtResource("5_sq7nw")
body_slot = NodePath("Model/Armature/GeneralSkeleton/Body Slot")
right_hand_slot = NodePath("Model/Armature/GeneralSkeleton/Right Hand Slot")
initial_loadout = ExtResource("6_tj0pt")

[node name="Model" parent="." instance=ExtResource("1_re6lv")]
transform = Transform3D(-1, 0, -8.742278e-08, 0, 1, 0, 8.742278e-08, 0, -1, 0, 0, 0)

[node name="GeneralSkeleton" parent="Model/Armature" index="0"]
bones/0/position = Vector3(0.3809089, 1.2803447, 0.07635546)
bones/0/rotation = Quaternion(0.49735048, -0.5026356, 0.5026356, -0.49735042)
bones/1/position = Vector3(0.109288104, 0.52245945, 0.21004575)
bones/2/position = Vector3(-0.020016767, 0.19730693, -0.038764965)
bones/2/rotation = Quaternion(0.9718558, -0.048228726, 0.005205382, 0.23052812)
bones/3/position = Vector3(-0.003764347, 1.3543409, 0.3363142)
bones/3/rotation = Quaternion(0.70095706, 0.09305523, 0.09305525, 0.70095706)
bones/4/position = Vector3(-0.13431759, 0.88555026, -0.057512447)
bones/4/rotation = Quaternion(-0.0022901644, -0.4825139, 0.045551203, 0.87470007)
bones/5/rotation = Quaternion(0.023911403, -0.0077551515, 0.012037117, 0.9996116)
bones/6/rotation = Quaternion(-0.07079138, -0.0015258022, -0.048143424, 0.9963275)
bones/7/rotation = Quaternion(0.07469301, 0.14895394, 0.12077325, 0.97859466)
bones/8/rotation = Quaternion(0.9877044, 0.0039216303, -0.05465555, -0.14641568)
bones/9/rotation = Quaternion(-0.14845377, 0.51354724, -0.8229888, 0.19214651)
bones/10/rotation = Quaternion(-0.3637368, -0.0070000044, -0.10793918, 0.92520034)
bones/11/rotation = Quaternion(0.85975885, -0.009221653, 0.0015580266, -0.5106146)
bones/12/rotation = Quaternion(0.10264461, 0.5382581, -0.8363496, -0.0161785)
bones/13/position = Vector3(0.004081406, 0.23554876, 0.03837115)
bones/13/rotation = Quaternion(0.06822875, -0.03720213, -0.02407884, 0.9966851)
bones/15/rotation = Quaternion(0.005441328, 0.10001722, -0.088070326, 0.9910654)
bones/16/rotation = Quaternion(0.019823845, 0.3957198, -0.01857825, 0.91796947)
bones/17/position = Vector3(0.03526044, 0.14854078, -0.015127359)
bones/17/rotation = Quaternion(0.4509217, 0.55744416, 0.5693973, -0.40213484)
bones/18/rotation = Quaternion(-0.3257498, -0.04652224, -0.44116366, 0.8349237)
bones/19/rotation = Quaternion(-0.08588002, 0.101966545, -0.5515863, 0.82339543)
bones/20/rotation = Quaternion(0.16500905, 0.9471469, 0.1949105, 0.19415137)
bones/21/rotation = Quaternion(0.64388615, 0.36174092, 0.6003288, 0.3068541)
bones/22/position = Vector3(0.2100451, 0.19321805, -0.06173081)
bones/22/rotation = Quaternion(0.365735, -0.78291005, 0.16242175, 0.4763497)
bones/23/position = Vector3(-0.035260428, 0.14854072, -0.01512737)
bones/23/rotation = Quaternion(0.41935605, -0.5752394, -0.54225045, -0.4463235)
bones/24/rotation = Quaternion(-0.29913712, 0.12148942, 0.328192, 0.8877203)
bones/25/rotation = Quaternion(-0.100969434, -0.11052704, 0.7080655, 0.69009584)
bones/26/rotation = Quaternion(-0.09864591, 0.965868, 0.21349582, -0.108571574)
bones/27/rotation = Quaternion(-0.47588694, 0.2522424, 0.7857248, -0.30420697)
bones/28/position = Vector3(-0.14770252, 0.20336711, 0.019502895)
bones/28/rotation = Quaternion(0.1841233, 0.9730271, 0.06531632, 0.122681625)
bones/29/rotation = Quaternion(0.41305304, 0.4023186, 0.81672794, 0.021964533)
bones/31/position = Vector3(-0.52433103, 1.565339, -0.1511234)
bones/32/position = Vector3(0.07589372, 0.52245945, 0.450421)
bones/33/position = Vector3(0.09519064, 0.19205105, 0.22602066)
bones/33/rotation = Quaternion(0.9577897, 0.19625323, 0.048169035, 0.20445877)

[node name="Di" parent="Model/Armature/GeneralSkeleton" index="0"]
visible = false

[node name="Default" parent="Model/Armature/GeneralSkeleton" index="1" instance=ExtResource("8_5roht")]
surface_material_override/0 = SubResource("StandardMaterial3D_7m6tq")
surface_material_override/1 = SubResource("StandardMaterial3D_uty00")
surface_material_override/2 = SubResource("StandardMaterial3D_r8nem")
surface_material_override/3 = SubResource("StandardMaterial3D_ums2s")
surface_material_override/4 = SubResource("StandardMaterial3D_gmxdb")
surface_material_override/5 = SubResource("StandardMaterial3D_lcg3t")
surface_material_override/6 = SubResource("StandardMaterial3D_3mmw4")

[node name="Skin1" parent="Model/Armature/GeneralSkeleton" index="2" instance=ExtResource("23_orw0i")]
visible = false

[node name="Skin2" parent="Model/Armature/GeneralSkeleton" index="3" instance=ExtResource("10_tj0pt")]
visible = false

[node name="Skin3" parent="Model/Armature/GeneralSkeleton" index="4" instance=ExtResource("11_h62hk")]
visible = false

[node name="BoobJiggle_L" type="BoneAttachment3D" parent="Model/Armature/GeneralSkeleton" index="5"]
transform = Transform3D(-0.94163275, -0.3289692, -0.07146442, 0.22718564, -0.7776411, 0.5862268, -0.24842405, 0.53577465, 0.8069893, -0.21079056, 1.2374424, 0.01830506)
bone_name = "Boob.L"
bone_idx = 29
script = ExtResource("3_bsshr")
properties = SubResource("Resource_51v3q")

[node name="BoobJiggle_R" type="BoneAttachment3D" parent="Model/Armature/GeneralSkeleton" index="6"]
transform = Transform3D(0.320132, -0.6090839, -0.72562504, -0.26124778, -0.79299235, 0.5503741, -0.9106398, 0.013375606, -0.412984, -0.25377625, 1.2350864, -0.06186082)
bone_name = "Boob.R"
bone_idx = 30
script = ExtResource("3_bsshr")
properties = SubResource("Resource_51v3q")

[node name="Body Slot" type="BoneAttachment3D" parent="Model/Armature/GeneralSkeleton" index="7"]
transform = Transform3D(0.472402, -0.17025289, -0.86478335, 0.025890505, 0.98342335, -0.17946684, 0.8810029, 0.062390815, 0.46897906, -0.18280071, 1.1189203, -0.044862516)
bone_name = "Spine"
bone_idx = 13

[node name="Offset" type="Node3D" parent="Model/Armature/GeneralSkeleton/Body Slot"]
transform = Transform3D(1, 0, 0, 0, 1, 0, 0, 0, 1, 7.450581e-09, -0.01865423, -0.21198544)

[node name="Right Hand Slot" type="BoneAttachment3D" parent="Model/Armature/GeneralSkeleton" index="8"]
transform = Transform3D(0.7261619, -0.1757692, 0.6646759, 0.65022635, 0.48967156, -0.5808851, -0.2233711, 0.8540065, 0.46987063, -0.49478754, 1.124712, 0.09763715)
bone_name = "RightHand"
bone_idx = 26

[node name="Offset" type="Node3D" parent="Model/Armature/GeneralSkeleton/Right Hand Slot"]
transform = Transform3D(-4.371139e-08, 1, -4.371139e-08, 0, -4.371139e-08, -1, -1, -4.371139e-08, 1.9106855e-15, 3.602707e-09, 0.06111415, -5.820782e-11)

[node name="BoneAttachment3D" type="BoneAttachment3D" parent="Model/Armature/GeneralSkeleton" index="9"]
transform = Transform3D(0.6747455, -0.38982454, -0.626702, 0.3775982, 0.9119198, -0.16069207, 0.63414365, -0.12821528, 0.7625108, -0.12522449, 0.90472233, 0.024156049)
visible = false
bone_name = "Hip.L"
bone_idx = 7

[node name="Hard Sword" parent="Model/Armature/GeneralSkeleton/BoneAttachment3D" instance=ExtResource("28_lcknh")]
transform = Transform3D(0.5396199, 0.5270734, -0.656509, 0.018366674, 0.7722309, 0.6350764, 0.84170836, -0.3547578, 0.4070306, 0.06696474, -0.053564906, 0.13264066)

[node name="object_0" parent="Model/Armature/GeneralSkeleton/BoneAttachment3D/Hard Sword" index="0"]
layers = 8

[node name="object_1" parent="Model/Armature/GeneralSkeleton/BoneAttachment3D/Hard Sword" index="1"]
layers = 8

[node name="Hitboxes" parent="Model/Armature/GeneralSkeleton" index="10" instance=ExtResource("5_rn7ny")]

[node name="Head" parent="Model/Armature/GeneralSkeleton/Hitboxes" index="0"]
transform = Transform3D(0.99752545, -0.062114887, -0.03293428, 0.051167786, 0.96266395, -0.26582003, 0.048216045, 0.26347706, 0.96345997, -0.20399939, 1.3962318, -0.02357422)

[node name="Torso" parent="Model/Armature/GeneralSkeleton/Hitboxes" index="1"]
transform = Transform3D(0.51633394, 0.040282264, -0.8554393, 0.00864527, 0.99859697, 0.05224166, 0.85634375, -0.03436965, 0.51526123, -0.19555297, 1.0268385, -0.037887342)

[node name="HipL" parent="Model/Armature/GeneralSkeleton/Hitboxes" index="2"]
transform = Transform3D(0.6747455, -0.38982454, -0.626702, 0.3775982, 0.9119198, -0.16069207, 0.63414365, -0.12821528, 0.7625108, -0.12522449, 0.90472233, 0.024156049)

[node name="ShinL" parent="Model/Armature/GeneralSkeleton/Hitboxes" index="3"]
transform = Transform3D(0.728378, 0.5490569, 0.40988058, 0.41415516, -0.82936525, 0.37500492, 0.5458397, -0.10339116, -0.83148617, 0.01587902, 0.5862571, 0.063647)
bone_name = "LeftLowerLeg"

[node name="FootL" parent="Model/Armature/GeneralSkeleton/Hitboxes" index="4"]
transform = Transform3D(-0.88059306, -0.46945518, 0.06455843, 0.04106648, 0.06012109, 0.9973459, -0.47209057, 0.88090706, -0.033663332, 0.23165376, 0.27334186, 0.013137512)
bone_name = "LeftFoot"

[node name="HipR" parent="Model/Armature/GeneralSkeleton/Hitboxes" index="5"]
transform = Transform3D(0.45042455, 0.58155364, -0.6774313, -0.09856052, 0.78651035, 0.6096616, 0.88735765, -0.20783858, 0.4115818, -0.20363584, 0.88875043, -0.105520144)

[node name="ShinR" parent="Model/Armature/GeneralSkeleton/Hitboxes" index="6"]
transform = Transform3D(0.44476366, 0.31018484, 0.8402206, -0.11637436, -0.91014814, 0.3976019, 0.8880554, -0.274619, -0.36870328, -0.4026222, 0.60873675, -0.035615936)
bone_name = "RightLowerLeg"

[node name="FootR" parent="Model/Armature/GeneralSkeleton/Hitboxes" index="7"]
transform = Transform3D(-0.52211654, -0.85245615, -0.026696742, -0.07267994, 0.0132834315, 0.9972667, -0.84977174, 0.5226298, -0.06889202, -0.2727517, 0.2651601, -0.1456825)
bone_name = "RightFoot"

[node name="BicepL" parent="Model/Armature/GeneralSkeleton/Hitboxes" index="8"]
transform = Transform3D(-0.78918046, -0.59312665, -0.15935713, 0.3335904, -0.63183236, 0.6996466, -0.51566607, 0.49898747, 0.69649124, -0.1617383, 1.2629292, 0.059139427)

[node name="TricepL" parent="Model/Armature/GeneralSkeleton/Hitboxes" index="9"]
transform = Transform3D(0.2682564, -0.8860286, -0.3781423, 0.6574564, -0.118521556, 0.74411273, -0.70412326, -0.44822514, 0.5507311, -0.31843042, 1.0876915, 0.1951985)

[node name="HandL" parent="Model/Armature/GeneralSkeleton/Hitboxes" index="10"]
transform = Transform3D(-0.4626844, -0.8707565, 0.16645104, -0.84391093, 0.3751011, -0.3835534, 0.2715456, -0.31793416, -0.90839463, -0.53132534, 1.061384, 0.08248129)
bone_name = "LeftHand"

[node name="BicepR" parent="Model/Armature/GeneralSkeleton/Hitboxes" index="11"]
transform = Transform3D(0.24857593, -0.8257165, -0.50636196, -0.2840102, -0.56192636, 0.77690226, -0.92603904, -0.04930729, -0.37419325, -0.26143447, 1.2660286, -0.12703119)

[node name="TricepR" parent="Model/Armature/GeneralSkeleton/Hitboxes" index="12"]
transform = Transform3D(-0.8369643, -0.06847875, -0.54295623, -0.54655474, 0.054328546, 0.8356593, -0.027726972, 0.9961723, -0.08289841, -0.48297203, 1.1097981, -0.1439399)

[node name="HandR" parent="Model/Armature/GeneralSkeleton/Hitboxes" index="13"]
transform = Transform3D(0.7261619, -0.1757692, 0.6646759, 0.65022635, 0.48967156, -0.5808851, -0.2233711, 0.8540065, 0.46987063, -0.49478754, 1.124712, 0.09763715)
bone_name = "RightHand"

[node name="Fists" parent="Model/Armature/GeneralSkeleton" index="11" instance=ExtResource("6_2d4v2")]

[node name="HandL" parent="Model/Armature/GeneralSkeleton/Fists" index="0"]
transform = Transform3D(-0.4626844, -0.8707565, 0.16645104, -0.84391093, 0.3751011, -0.3835534, 0.2715456, -0.31793416, -0.90839463, -0.53132534, 1.061384, 0.08248129)
bone_name = "LeftHand"

[node name="HandR" parent="Model/Armature/GeneralSkeleton/Fists" index="1"]
transform = Transform3D(0.7261619, -0.1757692, 0.6646759, 0.65022635, 0.48967156, -0.5808851, -0.2233711, 0.8540065, 0.46987063, -0.49478754, 1.124712, 0.09763715)
bone_name = "RightHand"

[node name="AnimationPlayer" type="AnimationPlayer" parent="Model"]
root_node = NodePath("../Armature")
libraries = {
&"": SubResource("AnimationLibrary_bsshr"),
&"Lower Body": ExtResource("2_wdexw"),
&"Taunts": ExtResource("3_uswe7"),
&"Upper Body": ExtResource("6_bsshr")
}

[node name="SFX" type="Node3D" parent="."]
process_mode = 3
script = ExtResource("3_j1lmw")

[node name="Taunts" type="Node3D" parent="SFX"]

[node name="Entrance" type="AudioStreamPlayer3D" parent="SFX/Taunts"]
stream = ExtResource("4_d37jy")
volume_db = -15.0
max_db = 0.0
bus = &"Characters"
attenuation_filter_db = 0.0

[node name="Win" type="AudioStreamPlayer3D" parent="SFX/Taunts"]
stream = ExtResource("5_uswe7")
volume_db = -15.0
max_db = 0.0
bus = &"Characters"
attenuation_filter_db = 0.0

[node name="Lose" type="AudioStreamPlayer3D" parent="SFX/Taunts"]
stream = ExtResource("6_vpj87")
volume_db = -15.0
max_db = 0.0
bus = &"Characters"
attenuation_filter_db = 0.0

[node name="Common" parent="SFX" instance=ExtResource("7_keb7p")]

[node name="Death" type="AudioStreamPlayer3D" parent="SFX"]
transform = Transform3D(1, 0, 0, 0, 1, 0, 0, 0, 1, 0, 1.49041, 0)
stream = ExtResource("8_vd4rb")
volume_db = -10.0
max_db = 0.0
pitch_scale = 0.64
bus = &"Characters"
attenuation_filter_db = 0.0

[node name="Hit" type="AudioStreamPlayer3D" parent="SFX"]
transform = Transform3D(1, 0, 0, 0, 1, 0, 0, 0, 1, 0, 1.49041, 0)
stream = SubResource("AudioStreamRandomizer_f2gsq")
volume_db = -10.0
max_db = 0.0
pitch_scale = 0.64
bus = &"Characters"
attenuation_filter_db = 0.0

[node name="Pickup" type="AudioStreamPlayer3D" parent="SFX"]
transform = Transform3D(1, 0, 0, 0, 1, 0, 0, 0, 1, 0, 1.49041, 0)
stream = SubResource("AudioStreamRandomizer_g7bry")
volume_db = -10.0
max_db = 0.0
pitch_scale = 0.64
bus = &"Characters"
attenuation_filter_db = 0.0

[node name="Attack" type="AudioStreamPlayer3D" parent="SFX"]
transform = Transform3D(1, 0, 0, 0, 1, 0, 0, 0, 1, 0, 1.49041, 0)
stream = SubResource("AudioStreamRandomizer_r4dm0")
volume_db = -10.0
max_db = 0.0
pitch_scale = 0.64
bus = &"Characters"
attenuation_filter_db = 0.0

[node name="Special 1" type="AudioStreamPlayer3D" parent="SFX"]
transform = Transform3D(1, 0, 0, 0, 1, 0, 0, 0, 1, 0, 1.49041, 0)
stream = ExtResource("18_tj0pt")
volume_db = -10.0
max_db = 0.0
pitch_scale = 0.64
bus = &"Characters"
attenuation_filter_db = 0.0

[node name="Special 2" type="AudioStreamPlayer3D" parent="SFX"]
transform = Transform3D(1, 0, 0, 0, 1, 0, 0, 0, 1, 0, 1.49041, 0)
stream = ExtResource("19_h62hk")
volume_db = -10.0
max_db = 0.0
pitch_scale = 0.64
bus = &"Characters"
attenuation_filter_db = 0.0

[node name="Special 3" type="AudioStreamPlayer3D" parent="SFX"]
transform = Transform3D(1, 0, 0, 0, 1, 0, 0, 0, 1, 0, 1.49041, 0)
stream = ExtResource("20_rvvl3")
volume_db = -10.0
max_db = 0.0
pitch_scale = 0.64
bus = &"Characters"
attenuation_filter_db = 0.0

[editable path="Model"]
[editable path="Model/Armature/GeneralSkeleton/BoneAttachment3D/Hard Sword"]
[editable path="Model/Armature/GeneralSkeleton/Hitboxes"]
[editable path="Model/Armature/GeneralSkeleton/Fists"]
[editable path="SFX/Common"]
