[gd_scene load_steps=34 format=3 uid="uid://ccry22wstybxj"]

[ext_resource type="PackedScene" uid="uid://cont5l5c6d0ig" path="res://Models/Characters/Di/Di.glb" id="1_lan5e"]
[ext_resource type="Script" path="res://Scripts/Characters/CharacterController.gd" id="1_xxywp"]
[ext_resource type="Texture2D" uid="uid://yoxdebxlanyo" path="res://Textures/Characters/Di/Cards/17adbb73.png" id="2_72i27"]
[ext_resource type="Texture2D" uid="uid://bhgtb3nef8el1" path="res://Textures/Characters/Di/Cards/ddb26342.png" id="3_7p708"]
[ext_resource type="Script" path="res://Scripts/Characters/CharacterSFXController.gd" id="4_8y5bw"]
[ext_resource type="PackedScene" uid="uid://qcbwpopwlp4q" path="res://Models/Characters/Di/Skins/Default.tscn" id="5_8q50d"]
[ext_resource type="Script" uid="uid://0a1jysr3rwqr" path="res://addons/wigglebone/wiggle_bone.gd" id="5_8w6jy"]
[ext_resource type="AnimationLibrary" uid="uid://dfbclm1rb3fad" path="res://Animations/Characters/Di/Taunts/Taunts.res" id="5_uyi18"]
[ext_resource type="Script" uid="uid://clqr0agw21yiu" path="res://addons/wigglebone/wiggle_properties.gd" id="6_rii5r"]
[ext_resource type="PackedScene" uid="uid://2hqycc5mu4gk" path="res://Models/Characters/Di/Skins/Skin1.tscn" id="7_gbxw1"]
[ext_resource type="AnimationLibrary" uid="uid://pch4hmnax3x6" path="res://Animations/Characters/Di/Lower Body.res" id="7_sh0fi"]
[ext_resource type="AudioStream" uid="uid://o2bkqgxtn8n" path="res://Sound/Characters/Di/Taunts/Entrance.wav" id="8_6bbiy"]
[ext_resource type="PackedScene" uid="uid://b7radydo3li6r" path="res://Models/Characters/Di/Skins/Skin2.tscn" id="8_74yiy"]
[ext_resource type="PackedScene" uid="uid://blgqvbxjfjr68" path="res://Prefabs/Characters/Common/SFX/Common.tscn" id="8_e8aq4"]
[ext_resource type="AudioStream" uid="uid://srlaaa2tu160" path="res://Sound/Characters/Di/Taunts/Win.wav" id="9_3qc8s"]
[ext_resource type="PackedScene" uid="uid://cvcq0427krdfb" path="res://Models/Characters/Di/Skins/Skin3.tscn" id="9_nc41o"]
[ext_resource type="AnimationLibrary" uid="uid://d222qd28uwf07" path="res://Animations/Characters/Di/Upper Body.res" id="9_y82gw"]
[ext_resource type="AudioStream" uid="uid://dla5xgblecomg" path="res://Sound/Characters/Di/Taunts/Lose.wav" id="10_em5mr"]
[ext_resource type="AudioStream" uid="uid://cqg6y44whamnl" path="res://Sound/Characters/Di/Pickup/Pickup 1.wav" id="18_8njvl"]
[ext_resource type="AudioStream" uid="uid://cwgdilwqayilw" path="res://Sound/Characters/Di/Pickup/Pickup 2.wav" id="19_glhem"]
[ext_resource type="AudioStream" uid="uid://d03p5btghoq41" path="res://Sound/Characters/Di/Pickup/Pickup 3.wav" id="20_ruf3e"]
[ext_resource type="AudioStream" uid="uid://desgnf0sb36hl" path="res://Sound/Characters/Di/Attack/Attack 1.wav" id="21_0m75m"]
[ext_resource type="AudioStream" uid="uid://dfnotbt72sadj" path="res://Sound/Characters/Di/Attack/Attack 2.wav" id="22_hccd4"]
[ext_resource type="AudioStream" uid="uid://bn7lp573a01x3" path="res://Sound/Characters/Di/Attack/Attack 3.wav" id="23_bnul5"]
[ext_resource type="AudioStream" uid="uid://dc4qffu0jelau" path="res://Sound/Characters/Di/Specials/Special 1.wav" id="24_8p3tl"]
[ext_resource type="AudioStream" uid="uid://cvuwl5aqc1uvo" path="res://Sound/Characters/Di/Specials/Special 2.wav" id="25_o57uw"]
[ext_resource type="AudioStream" uid="uid://mp6i1ksly1sg" path="res://Sound/Characters/Di/Specials/Special 3.wav" id="26_84ddn"]

[sub_resource type="Resource" id="Resource_gxjwx"]
script = ExtResource("6_rii5r")
mode = 0
stiffness = 0.1
damping = 0.3
gravity = Vector3(0, 0, 0)
length = 0.1
max_distance = 0.1
max_degrees = 60.0

[sub_resource type="Animation" id="Animation_tg7f4"]
length = 0.001
tracks/0/type = "value"
tracks/0/imported = false
tracks/0/enabled = true
tracks/0/path = NodePath(".:position")
tracks/0/interp = 1
tracks/0/loop_wrap = true
tracks/0/keys = {
"times": PackedFloat32Array(0),
"transitions": PackedFloat32Array(1),
"update": 0,
"values": [Vector3(0, 0, 0)]
}
tracks/1/type = "value"
tracks/1/imported = false
tracks/1/enabled = true
tracks/1/path = NodePath("../SFX/Taunts/Entrance:playing")
tracks/1/interp = 1
tracks/1/loop_wrap = true
tracks/1/keys = {
"times": PackedFloat32Array(0),
"transitions": PackedFloat32Array(1),
"update": 1,
"values": [false]
}
tracks/2/type = "value"
tracks/2/imported = false
tracks/2/enabled = true
tracks/2/path = NodePath("../SFX/Common/Dash:playing")
tracks/2/interp = 1
tracks/2/loop_wrap = true
tracks/2/keys = {
"times": PackedFloat32Array(0),
"transitions": PackedFloat32Array(1),
"update": 1,
"values": [false]
}
tracks/3/type = "value"
tracks/3/imported = false
tracks/3/enabled = true
tracks/3/path = NodePath("../SFX/Common/Dash Loop:playing")
tracks/3/interp = 1
tracks/3/loop_wrap = true
tracks/3/keys = {
"times": PackedFloat32Array(0),
"transitions": PackedFloat32Array(1),
"update": 1,
"values": [false]
}
tracks/4/type = "value"
tracks/4/imported = false
tracks/4/enabled = true
tracks/4/path = NodePath("../SFX/Common/Jump:playing")
tracks/4/interp = 1
tracks/4/loop_wrap = true
tracks/4/keys = {
"times": PackedFloat32Array(0),
"transitions": PackedFloat32Array(1),
"update": 1,
"values": [false]
}
tracks/5/type = "value"
tracks/5/imported = false
tracks/5/enabled = true
tracks/5/path = NodePath("../SFX/Pickup:playing")
tracks/5/interp = 1
tracks/5/loop_wrap = true
tracks/5/keys = {
"times": PackedFloat32Array(0),
"transitions": PackedFloat32Array(1),
"update": 1,
"values": [false]
}
tracks/6/type = "value"
tracks/6/imported = false
tracks/6/enabled = true
tracks/6/path = NodePath("../SFX/Attack:playing")
tracks/6/interp = 1
tracks/6/loop_wrap = true
tracks/6/keys = {
"times": PackedFloat32Array(0),
"transitions": PackedFloat32Array(1),
"update": 1,
"values": [false]
}
tracks/7/type = "value"
tracks/7/imported = false
tracks/7/enabled = true
tracks/7/path = NodePath("../SFX/Special 3:playing")
tracks/7/interp = 1
tracks/7/loop_wrap = true
tracks/7/keys = {
"times": PackedFloat32Array(0),
"transitions": PackedFloat32Array(1),
"update": 1,
"values": [false]
}
tracks/8/type = "value"
tracks/8/imported = false
tracks/8/enabled = true
tracks/8/path = NodePath("../SFX/Special 2:playing")
tracks/8/interp = 1
tracks/8/loop_wrap = true
tracks/8/keys = {
"times": PackedFloat32Array(0),
"transitions": PackedFloat32Array(1),
"update": 1,
"values": [false]
}

[sub_resource type="AnimationLibrary" id="AnimationLibrary_wk0gn"]
_data = {
"RESET": SubResource("Animation_tg7f4")
}

[sub_resource type="Skin" id="Skin_7c1ld"]
resource_name = "Skin"
bind_count = 34
bind/0/name = &"ElbowIK.L"
bind/0/bone = -1
bind/0/pose = Transform3D(-0.0105703, -0.999944, 0, 0, 0, -1, 0.999944, -0.0105703, 0, 1.26447, -0.692334, -0.37274)
bind/1/name = &"KneeIK.L"
bind/1/bone = -1
bind/1/pose = Transform3D(1, 1.50996e-07, 0, 0, 0, 1, 1.50996e-07, -1, 0, -0.0761896, -0.906698, 0.502574)
bind/2/name = &"FootIK.L"
bind/2/bone = -1
bind/2/pose = Transform3D(1, 5.97537e-07, 3.93117e-07, -1.98952e-13, -0.549617, 0.835417, 7.15256e-07, -0.835416, -0.549617, -0.0761895, 0.116931, 0.0659436)
bind/3/name = &"HeadTarget"
bind/3/bone = -1
bind/3/pose = Transform3D(1, -3.89414e-07, 0, 0, 0, 1, -3.89414e-07, -1, 0, 5.41644e-07, -0.260859, 1.39092)
bind/4/name = &"Spine0"
bind/4/bone = -1
bind/4/pose = Transform3D(1, 0, 0, 0, 1, 0, 0, 0, 1, -2.20996e-16, -0.838772, 0.0745371)
bind/5/name = &"Spine1"
bind/5/bone = -1
bind/5/pose = Transform3D(1, -7.61832e-08, 2.25919e-07, 0, 0.947574, 0.319536, -2.38419e-07, -0.319536, 0.947574, 8.07397e-08, -0.770981, 0.338647)
bind/6/name = &"Spine2"
bind/6/bone = -1
bind/6/pose = Transform3D(1, -1.31213e-08, 2.38057e-07, 6.21725e-15, 0.998484, 0.0550346, -2.38419e-07, -0.0550346, 0.998484, 1.88717e-08, -0.983, 0.0791536)
bind/7/name = &"Hip.L"
bind/7/bone = -1
bind/7/pose = Transform3D(1, 5.18959e-09, 2.38574e-07, 1.00495e-08, -0.999792, -0.0203754, 2.38419e-07, 0.0203755, -0.999793, -0.0761895, 0.852041, -0.0585772)
bind/8/name = &"Shin.L"
bind/8/bone = -1
bind/8/pose = Transform3D(1, -8.14238e-09, 2.3828e-07, -6.03962e-14, -0.999417, -0.0341515, 2.38419e-07, 0.0341516, -0.999417, -0.0761895, 0.500629, -0.0654825)
bind/9/name = &"Foot.L"
bind/9/bone = -1
bind/9/pose = Transform3D(1, 5.97537e-07, 3.93117e-07, -2.55795e-13, -0.549617, 0.835417, 7.15256e-07, -0.835417, -0.549617, -0.0761895, 0.116931, 0.0659437)
bind/10/name = &"Hip.R"
bind/10/bone = -1
bind/10/pose = Transform3D(1, 1.49054e-08, -2.38164e-07, 1.00496e-08, -0.999792, -0.0203754, -2.38418e-07, 0.0203755, -0.999793, 0.0761895, 0.852041, -0.0585772)
bind/11/name = &"Shin.R"
bind/11/bone = -1
bind/11/pose = Transform3D(1, 8.14237e-09, -2.38279e-07, -1.59872e-14, -0.999417, -0.0341515, -2.38418e-07, 0.0341516, -0.999417, 0.0761895, 0.500629, -0.0654825)
bind/12/name = &"Foot.R"
bind/12/bone = -1
bind/12/pose = Transform3D(1, -5.97537e-07, -3.93117e-07, -5.68434e-14, -0.549617, 0.835417, -7.15256e-07, -0.835417, -0.549617, 0.0761895, 0.116931, 0.0659437)
bind/13/name = &"CoreIK"
bind/13/bone = -1
bind/13/pose = Transform3D(1, 2.38419e-07, 0, -2.84217e-14, 1.19209e-07, -1, -2.38419e-07, 1, 0, -2.65087e-07, -0.0179904, -1.11186)
bind/14/name = &"Spine3"
bind/14/bone = -1
bind/14/pose = Transform3D(1, 3.65775e-08, 2.35596e-07, -2.4869e-14, 0.988162, -0.153417, -2.38419e-07, 0.153417, 0.988162, -3.64305e-08, -1.10145, -0.152801)
bind/15/name = &"Neck"
bind/15/bone = -1
bind/15/pose = Transform3D(1, 0, 2.38419e-07, -3.74978e-14, 1, -1.19209e-07, -2.38419e-07, 0, 1, 9.2562e-09, -1.30029, 0.0388233)
bind/16/name = &"Head"
bind/16/bone = -1
bind/16/pose = Transform3D(1, -3.89414e-07, 0, 3.88433e-14, -1.19209e-07, 1, -3.89414e-07, -1, 0, 5.41644e-07, 0.0388235, 1.39092)
bind/17/name = &"Shoulder.L"
bind/17/bone = -1
bind/17/pose = Transform3D(-1.98607e-08, -1, 7.45058e-08, 1, -1.98608e-08, -1.27923e-07, 1.27923e-07, -4.47035e-08, 1, 1.26333, -0.0416225, 0.0358472)
bind/18/name = &"Bicep.L"
bind/18/bone = -1
bind/18/pose = Transform3D(-0.0105701, -0.999944, -1.45737e-07, 0.999777, -0.0105683, -0.0182623, 0.0182613, -0.0001933, 0.999833, 1.26447, -0.101811, 0.0339939)
bind/19/name = &"Tricep.L"
bind/19/bone = -1
bind/19/pose = Transform3D(-0.00473935, -0.999989, -7.74235e-08, 0.999779, -0.00473836, 0.0204694, -0.0204692, 9.68152e-05, 0.999791, 1.26227, -0.379191, 0.0485797)
bind/20/name = &"Hand.L"
bind/20/bone = -1
bind/20/pose = Transform3D(1.478e-11, -1, -4.01335e-07, 1, 2.82624e-10, 1.86265e-09, -1.86265e-09, -5.20529e-07, 1, 1.25931, -0.628356, 0.0358478)
bind/21/name = &"ShoulderFIK.L"
bind/21/bone = -1
bind/21/pose = Transform3D(1, 2.16589e-15, -2.38419e-07, 1.3907e-07, 1, -1.19209e-07, 2.38419e-07, 5.16388e-22, 1, -0.114534, -1.26333, 0.0358472)
bind/22/name = &"HandIK.L"
bind/22/bone = -1
bind/22/pose = Transform3D(4.59961e-08, -1, 4.87129e-05, 1, 2.38419e-07, -2.63279e-12, -2.26354e-12, 4.85937e-05, 1, 1.25931, -0.628357, 0.035786)
bind/23/name = &"Shoulder.R"
bind/23/bone = -1
bind/23/pose = Transform3D(-2.02732e-08, 1, -7.45058e-08, -1, -2.02731e-08, -1.30579e-07, -1.30579e-07, -4.47035e-08, 1, -1.26333, -0.0416225, 0.0358472)
bind/24/name = &"Bicep.R"
bind/24/bone = -1
bind/24/pose = Transform3D(-0.0105701, 0.999944, 1.45723e-07, -0.999777, -0.0105683, -0.0182623, -0.0182613, -0.0001933, 0.999833, -1.26447, -0.101811, 0.0339939)
bind/25/name = &"Tricep.R"
bind/25/bone = -1
bind/25/pose = Transform3D(-0.00473935, 0.999989, 7.7438e-08, -0.999779, -0.00473836, 0.0204694, 0.0204692, 9.68152e-05, 0.999791, -1.26227, -0.379191, 0.0485797)
bind/26/name = &"Hand.R"
bind/26/bone = -1
bind/26/pose = Transform3D(1.52348e-11, 1, 4.01335e-07, -1, 2.8217e-10, 1.86265e-09, 1.86265e-09, -5.20537e-07, 1, -1.25931, -0.628356, 0.0358478)
bind/27/name = &"ShoulderFIK.R"
bind/27/bone = -1
bind/27/pose = Transform3D(1, -4.061e-15, 2.38419e-07, -1.39482e-07, 1, -1.19209e-07, -2.38418e-07, 9.68218e-22, 1, 0.114534, -1.26333, 0.0358472)
bind/28/name = &"HandIK.R"
bind/28/bone = -1
bind/28/pose = Transform3D(-1.61051e-08, 1, -4.87129e-05, -1, 1.19209e-07, 1.04689e-13, -7.82606e-13, 4.85937e-05, 1, -1.25931, -0.628356, 0.035786)
bind/29/name = &"Boob.L"
bind/29/bone = -1
bind/29/pose = Transform3D(-0.657809, 0.368236, 0.65703, 0.29648, -0.675314, 0.675315, 0.692378, 0.639024, 0.335053, -0.435196, 0.812118, -0.826932)
bind/30/name = &"Boob.R"
bind/30/bone = -1
bind/30/pose = Transform3D(-0.65781, -0.368236, -0.65703, -0.29648, -0.675315, 0.675315, -0.692378, 0.639025, 0.335054, 0.435197, 0.812119, -0.826934)
bind/31/name = &"ElbowIK.R"
bind/31/bone = -1
bind/31/pose = Transform3D(-0.0105703, 0.999944, 0, 0, 0, -1, -0.999944, -0.0105703, 0, -1.26447, -0.692334, -0.37274)
bind/32/name = &"KneeIK.R"
bind/32/bone = -1
bind/32/pose = Transform3D(1, -1.50996e-07, 0, 0, 0, 1, -1.50996e-07, -1, 0, 0.0761896, -0.906698, 0.502574)
bind/33/name = &"FootIK.R"
bind/33/bone = -1
bind/33/pose = Transform3D(1, -5.97537e-07, -3.93117e-07, 1.98952e-13, -0.549617, 0.835417, -7.15256e-07, -0.835416, -0.549617, 0.0761895, 0.116931, 0.0659436)

[sub_resource type="AudioStreamRandomizer" id="AudioStreamRandomizer_e0t7j"]
streams_count = 3
stream_0/stream = ExtResource("18_8njvl")
stream_1/stream = ExtResource("19_glhem")
stream_2/stream = ExtResource("20_ruf3e")

[sub_resource type="AudioStreamRandomizer" id="AudioStreamRandomizer_6fwfh"]
streams_count = 3
stream_0/stream = ExtResource("21_0m75m")
stream_1/stream = ExtResource("22_hccd4")
stream_2/stream = ExtResource("23_bnul5")

[node name="Di" type="Node3D" node_paths=PackedStringArray("skins", "sfx_controller", "body_slot", "right_hand_slot")]
script = ExtResource("1_xxywp")
character = 3
character_team = 2
avatar_big = ExtResource("2_72i27")
avatar_small = ExtResource("3_7p708")
skins = [NodePath("Model/Default"), NodePath("Model/Skin1"), NodePath("Model/Skin2"), NodePath("Model/Skin3")]
stat_speed = 3
stat_power = 2
sfx_controller = NodePath("SFX")
body_slot = NodePath("Model/Armature/Skeleton3D/Body Slot")
right_hand_slot = NodePath("Model/Armature/Skeleton3D/Right Hand Slot")

[node name="Model" parent="." instance=ExtResource("1_lan5e")]
transform = Transform3D(-1.1, 0, -1.66095e-07, 0, 1.1, 0, 1.66095e-07, 0, -1.1, 0, 0, 0)

[node name="Skeleton3D" parent="Model/Armature" index="0"]
bones/0/position = Vector3(0.518728, 0.870449, 0.1688)
bones/0/rotation = Quaternion(-0.49735, 0.502636, -0.502636, 0.49735)
bones/0/scale = Vector3(1, 1, 1)
bones/1/position = Vector3(0.377811, 0.576553, 0.755394)
bones/1/rotation = Quaternion(0.707107, 5.33851e-08, 5.33851e-08, 0.707107)
bones/2/position = Vector3(0.24132, 0.307998, 0.150529)
bones/2/rotation = Quaternion(0.877691, -0.0360352, 0.0668425, 0.473173)
bones/3/position = Vector3(-0.0236415, 1.4761, 0.707735)
bones/3/rotation = Quaternion(0.707107, -1.37679e-07, -1.37679e-07, 0.707107)
bones/4/position = Vector3(2.20996e-16, 0.913384, -0.0745371)
bones/4/rotation = Quaternion(0, -0.365154, 0, 0.930947)
bones/5/position = Vector3(-2.82733e-09, 9.43084e-09, -1.85197e-09)
bones/5/rotation = Quaternion(0.159034, 0.159567, -0.0232617, 0.974015)
bones/6/rotation = Quaternion(0.0901295, -0.0305505, -0.141074, 0.985414)
bones/7/rotation = Quaternion(0.812229, 0.168817, -0.327633, 0.452153)
bones/7/scale = Vector3(1, 1, 1)
bones/8/rotation = Quaternion(0.415815, 2.95596e-08, 4.13586e-07, 0.909449)
bones/9/rotation = Quaternion(-0.515073, 0.162371, 0.187786, 0.82041)
bones/10/rotation = Quaternion(0.903262, -0.167633, 0.189877, 0.346356)
bones/10/scale = Vector3(1, 1, 1)
bones/11/rotation = Quaternion(0.464131, -4.22898e-08, 2.87662e-07, 0.885767)
bones/12/rotation = Quaternion(-0.675324, -0.171937, -0.198163, 0.68928)
bones/13/position = Vector3(0.0662224, 0.253182, 0.0932506)
bones/13/rotation = Quaternion(-0.39065, 0.343698, 0.106366, 0.84732)
bones/13/scale = Vector3(1, 1, 1)
bones/14/position = Vector3(5.69302e-06, -5.56124e-05, -0.000331172)
bones/14/rotation = Quaternion(0.650609, -4.67823e-15, -1.55117e-07, 0.759413)
bones/15/rotation = Quaternion(0.0769366, 1.72515e-08, -2.40176e-08, 0.997036)
bones/15/scale = Vector3(1, 1, 1)
bones/16/rotation = Quaternion(0.319449, 0.0300829, 0.0368775, 0.946408)
bones/16/scale = Vector3(1, 1, 1)
bones/17/position = Vector3(0.0416225, 0.152419, 0.00559289)
bones/17/rotation = Quaternion(0.0254192, 0.0795648, -0.705534, 0.703737)
bones/17/scale = Vector3(1, 1, 1)
bones/18/rotation = Quaternion(0.673333, -0.371123, -0.118383, 0.628391)
bones/18/scale = Vector3(1, 1, 1)
bones/19/rotation = Quaternion(0.263843, 3.02429e-06, 0.0397207, 0.963748)
bones/20/rotation = Quaternion(0.194267, 0.192804, 0.50294, 0.81984)
bones/20/scale = Vector3(1, 1, 1)
bones/21/rotation = Quaternion(-5.98103e-08, 2.35903e-08, 0.707107, 0.707107)
bones/22/position = Vector3(-0.0501583, 0.258325, 0.419685)
bones/22/rotation = Quaternion(-0.0910841, -0.839439, 0.130654, 0.519592)
bones/22/scale = Vector3(1, 1, 1)
bones/23/position = Vector3(-0.042381, 0.16336, 0.00607283)
bones/23/rotation = Quaternion(0.111619, 0.0117544, 0.700589, 0.704683)
bones/23/scale = Vector3(1, 1, 1)
bones/24/rotation = Quaternion(0.586302, 0.399671, 0.098933, 0.697658)
bones/24/scale = Vector3(1, 1, 1)
bones/25/rotation = Quaternion(0.306402, -2.97819e-06, -0.0461278, 0.950784)
bones/26/rotation = Quaternion(0.10279, -0.417408, -0.623052, 0.65346)
bones/26/scale = Vector3(1, 1, 1)
bones/27/rotation = Quaternion(-7.43468e-08, -4.8005e-08, -0.707107, 0.707107)
bones/28/position = Vector3(-0.0454716, 0.26369, 0.408958)
bones/28/rotation = Quaternion(-0.212469, 0.557979, -0.223782, 0.770349)
bones/28/scale = Vector3(1, 1, 1)
bones/29/rotation = Quaternion(0.413519, 0.33829, 0.84526, -0.00987934)
bones/29/scale = Vector3(1, 1, 1)
bones/30/rotation = Quaternion(-0.413519, 0.33829, 0.84526, 0.00987936)
bones/30/scale = Vector3(1, 1, 1)
bones/31/position = Vector3(-0.472087, 1.01246, 0.261985)
bones/31/rotation = Quaternion(0.49735, 0.502636, -0.502636, -0.49735)
bones/31/scale = Vector3(1, 1, 1)
bones/32/position = Vector3(-0.712804, 0.863593, 0.466946)
bones/32/rotation = Quaternion(0.707107, -5.33851e-08, -5.33851e-08, 0.707107)
bones/33/position = Vector3(-0.199665, 0.307998, -0.236088)
bones/33/rotation = Quaternion(0.863059, -0.093279, 0.173023, 0.465285)

[node name="BoobJiggle_L" type="BoneAttachment3D" parent="Model/Armature/Skeleton3D" index="0"]
transform = Transform3D(-0.681942, 0.210392, 0.700493, -0.112858, -0.976533, 0.183432, 0.722646, 0.0460336, 0.689683, 0.034959, 1.23247, 0.148046)
bone_name = "Boob.L"
bone_idx = 29
script = ExtResource("5_8w6jy")
properties = SubResource("Resource_gxjwx")

[node name="BoobJiggle_R" type="BoneAttachment3D" parent="Model/Armature/Skeleton3D" index="1"]
transform = Transform3D(-0.628374, -0.380178, -0.678683, 0.229, -0.924186, 0.305677, -0.743441, 0.0366613, 0.667796, -0.0556683, 1.2405, 0.146608)
bone_name = "Boob.R"
bone_idx = 30
script = ExtResource("5_8w6jy")
properties = SubResource("Resource_gxjwx")

[node name="Body Slot" type="BoneAttachment3D" parent="Model/Armature/Skeleton3D" index="2"]
transform = Transform3D(0.99597, 0.0712731, 0.0544349, -0.0882791, 0.672158, 0.735126, 0.0158059, -0.736969, 0.675741, -0.0148365, 1.16657, 0.0388691)
bone_name = "CoreIK"
bone_idx = 13

[node name="Offset" type="Node3D" parent="Model/Armature/Skeleton3D/Body Slot"]
transform = Transform3D(1, 0, 0, 0, -4.37114e-08, -1, 0, 1, -4.37114e-08, 0, 0.2, 0)

[node name="Right Hand Slot" type="BoneAttachment3D" parent="Model/Armature/Skeleton3D" index="3"]
transform = Transform3D(0.153762, 0.107003, 0.982297, 0.0838813, 0.989117, -0.120876, -0.984541, 0.100983, 0.143113, -0.102974, 1.22245, 0.624897)
bone_name = "Hand.R"
bone_idx = 26

[node name="Offset" type="Node3D" parent="Model/Armature/Skeleton3D/Right Hand Slot"]
transform = Transform3D(1, 0, 0, 0, -4.37114e-08, -1, 0, 1, -4.37114e-08, 0.00895185, 0.0500496, -3.59192e-07)

[node name="Di" parent="Model/Armature/Skeleton3D" index="4"]
visible = false
layers = 4

[node name="AnimationPlayer" parent="Model" index="1"]
libraries = {
"": SubResource("AnimationLibrary_wk0gn"),
"Lower Body": ExtResource("7_sh0fi"),
"Taunts": ExtResource("5_uyi18"),
"Upper Body": ExtResource("9_y82gw")
}

[node name="Default" parent="Model" instance=ExtResource("5_8q50d")]
skin = SubResource("Skin_7c1ld")
skeleton = NodePath("../Armature/Skeleton3D")

[node name="Skin1" parent="Model" instance=ExtResource("7_gbxw1")]
visible = false
skin = SubResource("Skin_7c1ld")
skeleton = NodePath("../Armature/Skeleton3D")

[node name="Skin2" parent="Model" instance=ExtResource("8_74yiy")]
visible = false
skin = SubResource("Skin_7c1ld")
skeleton = NodePath("../Armature/Skeleton3D")

[node name="Skin3" parent="Model" instance=ExtResource("9_nc41o")]
visible = false
skin = SubResource("Skin_7c1ld")
skeleton = NodePath("../Armature/Skeleton3D")

[node name="SFX" type="Node3D" parent="."]
process_mode = 3
script = ExtResource("4_8y5bw")

[node name="Taunts" type="Node3D" parent="SFX"]

[node name="Entrance" type="AudioStreamPlayer3D" parent="SFX/Taunts"]
stream = ExtResource("8_6bbiy")
volume_db = -15.0
max_db = 0.0
bus = &"Characters"
attenuation_filter_db = 0.0

[node name="Win" type="AudioStreamPlayer3D" parent="SFX/Taunts"]
stream = ExtResource("9_3qc8s")
volume_db = -15.0
max_db = 0.0
bus = &"Characters"
attenuation_filter_db = 0.0

[node name="Lose" type="AudioStreamPlayer3D" parent="SFX/Taunts"]
stream = ExtResource("10_em5mr")
volume_db = -15.0
max_db = 0.0
bus = &"Characters"
attenuation_filter_db = 0.0

[node name="Common" parent="SFX" instance=ExtResource("8_e8aq4")]

[node name="Pickup" type="AudioStreamPlayer3D" parent="SFX"]
transform = Transform3D(1, 0, 0, 0, 1, 0, 0, 0, 1, 0, 1.49041, 0)
stream = SubResource("AudioStreamRandomizer_e0t7j")
volume_db = -10.0
max_db = 0.0
pitch_scale = 0.64
bus = &"Characters"
attenuation_filter_db = 0.0

[node name="Attack" type="AudioStreamPlayer3D" parent="SFX"]
transform = Transform3D(1, 0, 0, 0, 1, 0, 0, 0, 1, 0, 1.49041, 0)
stream = SubResource("AudioStreamRandomizer_6fwfh")
volume_db = -10.0
max_db = 0.0
pitch_scale = 0.64
bus = &"Characters"
attenuation_filter_db = 0.0

[node name="Special 1" type="AudioStreamPlayer3D" parent="SFX"]
transform = Transform3D(1, 0, 0, 0, 1, 0, 0, 0, 1, 0, 1.49041, 0)
stream = ExtResource("24_8p3tl")
volume_db = -10.0
max_db = 0.0
pitch_scale = 0.64
bus = &"Characters"
attenuation_filter_db = 0.0

[node name="Special 2" type="AudioStreamPlayer3D" parent="SFX"]
transform = Transform3D(1, 0, 0, 0, 1, 0, 0, 0, 1, 0, 1.49041, 0)
stream = ExtResource("25_o57uw")
volume_db = -10.0
max_db = 0.0
pitch_scale = 0.64
bus = &"Characters"
attenuation_filter_db = 0.0

[node name="Special 3" type="AudioStreamPlayer3D" parent="SFX"]
transform = Transform3D(1, 0, 0, 0, 1, 0, 0, 0, 1, 0, 1.49041, 0)
stream = ExtResource("26_84ddn")
volume_db = -10.0
max_db = 0.0
pitch_scale = 0.64
bus = &"Characters"
attenuation_filter_db = 0.0

[editable path="Model"]
[editable path="SFX/Common"]
