[gd_scene format=3 uid="uid://bexuiaqh7fwn0"]

[ext_resource type="Script" uid="uid://ceuqdngdbvcrr" path="res://Scripts/Weapons/FistController.gd" id="1_805bh"]
[ext_resource type="PackedScene" uid="uid://dqfi86eummdhp" path="res://Prefabs/Decals/BloodDecal.tscn" id="2_pfhgh"]

[sub_resource type="SphereShape3D" id="SphereShape3D_jqpkx"]
margin = 0.1
radius = 0.2

[sub_resource type="SphereMesh" id="SphereMesh_pfhgh"]
radius = 0.2
height = 0.4

[node name="Fists" type="Node3D" unique_id=1022998179]

[node name="HandL" type="BoneAttachment3D" parent="." unique_id=1272063757]
transform = Transform3D(-0.581117, -0.696206, -0.421427, -0.447933, -0.158715, 0.879867, -0.679455, 0.700077, -0.219622, 0.0854633, 1.06574, 0.374432)
bone_name = "Hand.L"
bone_idx = 20
use_external_skeleton = true
external_skeleton = NodePath("../..")

[node name="RightFist" type="RigidBody3D" parent="HandL" unique_id=631813799]
transform = Transform3D(0.48186994, -0.5795293, -0.6572265, 0.6540119, 0.7370425, -0.170396, 0.5831539, -0.34772474, 0.73417753, 0.48639548, -0.067644656, 0.3313414)
collision_layer = 8
collision_mask = 64
collision_priority = 2.0
axis_lock_linear_x = true
axis_lock_linear_y = true
axis_lock_linear_z = true
gravity_scale = 0.0
lock_rotation = true
freeze = true
continuous_cd = true
script = ExtResource("1_805bh")
damage = 5
hit_decal = ExtResource("2_pfhgh")

[node name="CollisionShape3D" type="CollisionShape3D" parent="HandL/RightFist" unique_id=173894629]
shape = SubResource("SphereShape3D_jqpkx")

[node name="MeshInstance3D" type="MeshInstance3D" parent="HandL/RightFist" unique_id=528755878]
visible = false
mesh = SubResource("SphereMesh_pfhgh")

[node name="HandR" type="BoneAttachment3D" parent="." unique_id=415397566]
transform = Transform3D(-0.981107, -0.0298185, 0.191154, 0.193451, -0.163341, 0.967417, 0.00237639, 0.986119, 0.166024, -0.289731, 1.15014, -0.0761782)
bone_name = "Hand.R"
bone_idx = 26
use_external_skeleton = true
external_skeleton = NodePath("../..")

[node name="LeftFist" type="RigidBody3D" parent="HandR" unique_id=59190840]
transform = Transform3D(0.48187, 0.6540125, 0.5831542, -0.57952905, 0.73704356, -0.3477258, -0.6572264, -0.17039695, 0.7341788, -0.38336226, 0.44695354, 0.06488168)
collision_layer = 8
collision_mask = 64
collision_priority = 2.0
axis_lock_linear_x = true
axis_lock_linear_y = true
axis_lock_linear_z = true
gravity_scale = 0.0
lock_rotation = true
freeze = true
continuous_cd = true
script = ExtResource("1_805bh")
damage = 5
hit_decal = ExtResource("2_pfhgh")

[node name="CollisionShape3D" type="CollisionShape3D" parent="HandR/LeftFist" unique_id=1255486430]
shape = SubResource("SphereShape3D_jqpkx")

[node name="MeshInstance3D" type="MeshInstance3D" parent="HandR/LeftFist" unique_id=467498909]
visible = false
mesh = SubResource("SphereMesh_pfhgh")
