[gd_scene load_steps=62 format=3 uid="uid://7f7klsd70wet"]

[ext_resource type="PackedScene" uid="uid://4rpgbqcx2mlc" path="res://Models/Characters/Kassey/Kassey.glb" id="1_1w1qp"]
[ext_resource type="Script" uid="uid://b67p4er5pdntl" path="res://Scripts/Characters/CharacterController.gd" id="1_j5lmb"]
[ext_resource type="Script" uid="uid://bosu3x1t1to4" path="res://Scripts/Characters/CharacterSFXController.gd" id="2_e62qw"]
[ext_resource type="Texture2D" uid="uid://1l7e5shnrg6q" path="res://Textures/Characters/Kassey/Cards/2564cccd.png" id="2_gu0ub"]
[ext_resource type="PackedScene" uid="uid://dmuralb7vf4hs" path="res://Models/Characters/Kassey/Skins/Default.tscn" id="2_tkdiu"]
[ext_resource type="PackedScene" uid="uid://cqt67vp121ste" path="res://Models/Characters/Kassey/Skins/Skin1.tscn" id="3_8tnxv"]
[ext_resource type="Texture2D" uid="uid://bc2dnikq5olds" path="res://Textures/Characters/Kassey/Cards/4a771680.png" id="3_qklw6"]
[ext_resource type="PackedScene" uid="uid://c21gahrcwjfd1" path="res://Models/Characters/Kassey/Skins/Skin2.tscn" id="4_al6k4"]
[ext_resource type="PackedScene" uid="uid://cbljabamec4yv" path="res://Prefabs/Characters/Common/GameplayAnimationTreeV2.tscn" id="4_ea3kh"]
[ext_resource type="PackedScene" uid="uid://d2eirpsbs2b4x" path="res://Prefabs/Weapons/HandGun/HandGun.tscn" id="4_y7ger"]
[ext_resource type="Script" uid="uid://0a1jysr3rwqr" path="res://addons/wigglebone/wiggle_bone.gd" id="5_0hxec"]
[ext_resource type="PackedScene" uid="uid://cnwwwjk7llw03" path="res://Prefabs/Characters/Common/TauntAnimationTree.tscn" id="5_drebd"]
[ext_resource type="PackedScene" uid="uid://c8068nwrjcnur" path="res://Models/Characters/Kassey/Skins/Skin3.tscn" id="5_yhhg2"]
[ext_resource type="PackedScene" uid="uid://blgqvbxjfjr68" path="res://Prefabs/Characters/Common/SFX/Common.tscn" id="6_7s2fl"]
[ext_resource type="Script" uid="uid://clqr0agw21yiu" path="res://addons/wigglebone/wiggle_properties.gd" id="6_hcat4"]
[ext_resource type="PackedScene" uid="uid://bmuljmi6fxn4h" path="res://Prefabs/Characters/Common/Hitboxes.tscn" id="8_kngan"]
[ext_resource type="Texture2D" uid="uid://dqabejviu4qug" path="res://Textures/Characters/Kassey/Skins/Default/d8a37c3.png" id="9_ea3kh"]
[ext_resource type="PackedScene" uid="uid://bexuiaqh7fwn0" path="res://Prefabs/Characters/Common/Fists.tscn" id="9_ss2si"]
[ext_resource type="Texture2D" uid="uid://0wwle8jcqngi" path="res://Textures/Characters/Kassey/Skins/Default/d8a37c3_spec.png" id="10_drebd"]
[ext_resource type="AudioStream" uid="uid://batjkus31e212" path="res://Sound/Characters/Kassey/Taunts/Entrance.wav" id="11_g4l87"]
[ext_resource type="Texture2D" uid="uid://dq7xf6ri4i8g3" path="res://Textures/Characters/Kassey/Skins/Default/3bad84f5.png" id="11_s4vkl"]
[ext_resource type="Texture2D" uid="uid://dkmq8vxoulis5" path="res://Textures/Characters/Kassey/Skins/Default/3bad84f5_spec.png" id="12_5bgq1"]
[ext_resource type="AudioStream" uid="uid://fqg2klfuq0bi" path="res://Sound/Characters/Kassey/Taunts/Win.wav" id="12_jf87h"]
[ext_resource type="AudioStream" uid="uid://c24r331n1v8ts" path="res://Sound/Characters/Kassey/Taunts/Lose.wav" id="13_elvcm"]
[ext_resource type="Texture2D" uid="uid://dy4qumnfye2ys" path="res://Textures/Characters/Kassey/Skins/Default/265d3558.png" id="13_jhhtn"]
[ext_resource type="Texture2D" uid="uid://c2mtius51sjd2" path="res://Textures/Characters/Kassey/Skins/Default/265d3558_spec.png" id="14_gvu7j"]
[ext_resource type="Texture2D" uid="uid://b44gly1t4ovsm" path="res://Textures/Characters/Kassey/Skins/Default/de008fba.png" id="15_42dvd"]
[ext_resource type="Texture2D" uid="uid://dn0tfjitwif82" path="res://Textures/Characters/Kassey/Skins/Default/de008fba_spec.png" id="16_ddyhc"]
[ext_resource type="Texture2D" uid="uid://dmefngd00g3pm" path="res://Textures/Characters/Kassey/Skins/Default/c17e1d56.png" id="17_kngan"]
[ext_resource type="Texture2D" uid="uid://5kn7vsulgjq1" path="res://Textures/Characters/Kassey/Skins/Default/c17e1d56_spec.png" id="18_ss2si"]
[ext_resource type="Texture2D" uid="uid://cr0wlf0pupko8" path="res://Textures/Characters/Kassey/Skins/Default/e45c9788.png" id="19_iearr"]
[ext_resource type="Texture2D" uid="uid://nma1ftfj105j" path="res://Textures/Characters/Kassey/Skins/Default/e45c9788_spec.png" id="20_6486s"]
[ext_resource type="PackedScene" uid="uid://b28giemmouara" path="res://Models/Weapons/Hand Gun.glb" id="26_42dvd"]
[ext_resource type="AnimationLibrary" uid="uid://vfmegwigbpp6" path="res://Animations/Libraries/Lower Body.res" id="29_ddyhc"]
[ext_resource type="AnimationLibrary" uid="uid://dhtb15v55d82c" path="res://Animations/Characters/Kassey/Taunts.res" id="30_kngan"]
[ext_resource type="AnimationLibrary" uid="uid://dnhupqy51bnxj" path="res://Animations/Libraries/Upper Body.res" id="31_ss2si"]
[ext_resource type="AudioStream" uid="uid://dh5kh8x4jwl62" path="res://Sound/Characters/Kassey/Pickup/Pickup 1.wav" id="43_856tj"]
[ext_resource type="AudioStream" uid="uid://dbdrtg62q8kno" path="res://Sound/Characters/Kassey/Pickup/Pickup 2.wav" id="44_5xacv"]
[ext_resource type="AudioStream" uid="uid://bxti6ef2fj5xk" path="res://Sound/Characters/Kassey/Damage/Death.wav" id="44_fs5gc"]
[ext_resource type="AudioStream" uid="uid://u5josehujxkb" path="res://Sound/Characters/Kassey/Pickup/Pickup 3.wav" id="45_jg3l4"]
[ext_resource type="AudioStream" uid="uid://jwn7medqw7mu" path="res://Sound/Characters/Kassey/Damage/Hit 1.wav" id="45_l1dpf"]
[ext_resource type="AudioStream" uid="uid://dbsf178jclsuu" path="res://Sound/Characters/Kassey/Attack/Attack 1.wav" id="46_gkxgm"]
[ext_resource type="AudioStream" uid="uid://b5ngstnjevysd" path="res://Sound/Characters/Kassey/Damage/Hit 2.wav" id="46_kx8im"]
[ext_resource type="AudioStream" uid="uid://kxw5dp02j86o" path="res://Sound/Characters/Kassey/Attack/Attack 2.wav" id="47_1ael4"]
[ext_resource type="AudioStream" uid="uid://dyruym4jb3u3y" path="res://Sound/Characters/Kassey/Damage/Hit 3.wav" id="47_ts0j1"]
[ext_resource type="AudioStream" uid="uid://iuhploaf8bx4" path="res://Sound/Characters/Kassey/Attack/Attack 3.wav" id="48_kjlt8"]
[ext_resource type="AudioStream" uid="uid://cqdmw6sgdbhou" path="res://Sound/Characters/Kassey/Specials/Special 1.wav" id="49_tvohs"]
[ext_resource type="AudioStream" uid="uid://b8coxs1hsf0cp" path="res://Sound/Characters/Kassey/Specials/Special 2.wav" id="50_ds2fd"]
[ext_resource type="AudioStream" uid="uid://bhjhus7dgkh8w" path="res://Sound/Characters/Kassey/Specials/Special 3.wav" id="51_jsy6k"]

[sub_resource type="StandardMaterial3D" id="StandardMaterial3D_7m24l"]
resource_local_to_scene = true
transparency = 4
albedo_texture = ExtResource("9_ea3kh")
ao_enabled = true
ao_texture = ExtResource("10_drebd")

[sub_resource type="StandardMaterial3D" id="StandardMaterial3D_gmg8s"]
resource_local_to_scene = true
albedo_texture = ExtResource("11_s4vkl")
ao_enabled = true
ao_texture = ExtResource("12_5bgq1")

[sub_resource type="StandardMaterial3D" id="StandardMaterial3D_bppfm"]
resource_local_to_scene = true
albedo_texture = ExtResource("13_jhhtn")
ao_enabled = true
ao_texture = ExtResource("14_gvu7j")

[sub_resource type="StandardMaterial3D" id="StandardMaterial3D_l302k"]
resource_local_to_scene = true
albedo_texture = ExtResource("15_42dvd")
ao_enabled = true
ao_texture = ExtResource("16_ddyhc")

[sub_resource type="StandardMaterial3D" id="StandardMaterial3D_7ejq5"]
resource_local_to_scene = true
albedo_texture = ExtResource("17_kngan")
ao_enabled = true
ao_texture = ExtResource("18_ss2si")

[sub_resource type="StandardMaterial3D" id="StandardMaterial3D_4rah6"]
resource_local_to_scene = true
albedo_texture = ExtResource("19_iearr")
ao_enabled = true
ao_texture = ExtResource("20_6486s")

[sub_resource type="Resource" id="Resource_6rvdl"]
script = ExtResource("6_hcat4")
stiffness = 0.2
damping = 0.5
length = 0.2

[sub_resource type="Animation" id="Animation_7dw6h"]
length = 0.001
tracks/0/type = "value"
tracks/0/imported = false
tracks/0/enabled = true
tracks/0/path = NodePath("%GeneralSkeleton/BoneAttachment3D/Hand Gun:position")
tracks/0/interp = 1
tracks/0/loop_wrap = true
tracks/0/keys = {
"times": PackedFloat32Array(0),
"transitions": PackedFloat32Array(1),
"update": 0,
"values": [Vector3(-0.042902913, 0.11678678, 0.04280654)]
}
tracks/1/type = "value"
tracks/1/imported = false
tracks/1/enabled = true
tracks/1/path = NodePath("%GeneralSkeleton/BoneAttachment3D/Hand Gun:rotation")
tracks/1/interp = 1
tracks/1/loop_wrap = true
tracks/1/keys = {
"times": PackedFloat32Array(0),
"transitions": PackedFloat32Array(1),
"update": 0,
"values": [Vector3(-1.1351541, 1.9961978, -1.6988121)]
}
tracks/2/type = "value"
tracks/2/imported = false
tracks/2/enabled = true
tracks/2/path = NodePath("%GeneralSkeleton/BoneAttachment3D:visible")
tracks/2/interp = 1
tracks/2/loop_wrap = true
tracks/2/keys = {
"times": PackedFloat32Array(0),
"transitions": PackedFloat32Array(1),
"update": 1,
"values": [false]
}
tracks/3/type = "value"
tracks/3/imported = false
tracks/3/enabled = true
tracks/3/path = NodePath("%GeneralSkeleton/BoneAttachment3D:bone_name")
tracks/3/interp = 1
tracks/3/loop_wrap = true
tracks/3/keys = {
"times": PackedFloat32Array(0),
"transitions": PackedFloat32Array(1),
"update": 1,
"values": ["Hip.R"]
}
tracks/4/type = "value"
tracks/4/imported = false
tracks/4/enabled = true
tracks/4/path = NodePath("../../SFX/Taunts/Entrance:playing")
tracks/4/interp = 1
tracks/4/loop_wrap = true
tracks/4/keys = {
"times": PackedFloat32Array(0),
"transitions": PackedFloat32Array(1),
"update": 1,
"values": [false]
}

[sub_resource type="AnimationLibrary" id="AnimationLibrary_moote"]
_data = {
&"RESET": SubResource("Animation_7dw6h")
}

[sub_resource type="AudioStreamRandomizer" id="AudioStreamRandomizer_d3lnu"]
streams_count = 3
stream_0/stream = ExtResource("45_l1dpf")
stream_1/stream = ExtResource("46_kx8im")
stream_2/stream = ExtResource("47_ts0j1")

[sub_resource type="AudioStreamRandomizer" id="AudioStreamRandomizer_i8f3a"]
streams_count = 3
stream_0/stream = ExtResource("43_856tj")
stream_1/stream = ExtResource("44_5xacv")
stream_2/stream = ExtResource("45_jg3l4")

[sub_resource type="AudioStreamRandomizer" id="AudioStreamRandomizer_y2he5"]
streams_count = 3
stream_0/stream = ExtResource("46_gkxgm")
stream_1/stream = ExtResource("47_1ael4")
stream_2/stream = ExtResource("48_kjlt8")

[node name="Kassey" type="Node3D" node_paths=PackedStringArray("skins", "hitboxes", "fists", "jiggle_bones", "sfx_controller", "body_slot", "right_hand_slot")]
script = ExtResource("1_j5lmb")
character = 2
character_team = 1
avatar_big = ExtResource("2_gu0ub")
avatar_small = ExtResource("3_qklw6")
skins = [NodePath("Model/Armature/GeneralSkeleton/Default"), NodePath("Model/Armature/GeneralSkeleton/Skin1"), NodePath("Model/Armature/GeneralSkeleton/Skin2"), NodePath("Model/Armature/GeneralSkeleton/Skin3")]
stat_speed = 3
hitboxes = [NodePath("Model/Armature/GeneralSkeleton/Hitboxes/Head/Area3D"), NodePath("Model/Armature/GeneralSkeleton/Hitboxes/Torso/Area3D"), NodePath("Model/Armature/GeneralSkeleton/Hitboxes/HipL/Area3D"), NodePath("Model/Armature/GeneralSkeleton/Hitboxes/ShinL/Area3D"), NodePath("Model/Armature/GeneralSkeleton/Hitboxes/FootL/Area3D"), NodePath("Model/Armature/GeneralSkeleton/Hitboxes/HipR/Area3D"), NodePath("Model/Armature/GeneralSkeleton/Hitboxes/ShinR/Area3D"), NodePath("Model/Armature/GeneralSkeleton/Hitboxes/FootR/Area3D"), NodePath("Model/Armature/GeneralSkeleton/Hitboxes/BicepL/Area3D"), NodePath("Model/Armature/GeneralSkeleton/Hitboxes/TricepL/Area3D"), NodePath("Model/Armature/GeneralSkeleton/Hitboxes/HandL/Area3D"), NodePath("Model/Armature/GeneralSkeleton/Hitboxes/BicepR/Area3D"), NodePath("Model/Armature/GeneralSkeleton/Hitboxes/TricepR/Area3D"), NodePath("Model/Armature/GeneralSkeleton/Hitboxes/HandR/Area3D")]
fists = [NodePath("Model/Armature/GeneralSkeleton/Fists/HandL/Fist"), NodePath("Model/Armature/GeneralSkeleton/Fists/HandR/Fist")]
jiggle_bones = [NodePath("Model/Armature/GeneralSkeleton/BoobJiggle_L"), NodePath("Model/Armature/GeneralSkeleton/BoobJiggle_R")]
sfx_controller = NodePath("SFX")
gameplay_animation_tree = ExtResource("4_ea3kh")
taunt_animation_tree = ExtResource("5_drebd")
body_slot = NodePath("Model/Armature/GeneralSkeleton/Body Slot")
right_hand_slot = NodePath("Model/Armature/GeneralSkeleton/Right Hand Slot")
initial_loadout = ExtResource("4_y7ger")

[node name="Model" parent="." instance=ExtResource("1_1w1qp")]
transform = Transform3D(-1, 0, -8.742278e-08, 0, 1, 0, 8.742278e-08, 0, -1, 0, 0, 0)

[node name="GeneralSkeleton" parent="Model/Armature" index="0"]
bones/0/position = Vector3(0.4720553, 1.1990763, 0.92833763)
bones/0/rotation = Quaternion(0.4973504, -0.50263566, 0.50263566, -0.4973504)
bones/1/position = Vector3(0.3684744, 0.45133013, 0.7367254)
bones/2/position = Vector3(0.2353566, 0.11151256, 0.1468094)
bones/2/rotation = Quaternion(0.87769055, -0.036035202, 0.06684247, 0.4731732)
bones/3/position = Vector3(-0.023057217, 1.4396164, 0.69024456)
bones/3/rotation = Quaternion(0.70710677, -1.3767877e-07, -1.3767877e-07, 0.70710677)
bones/4/position = Vector3(2.155348e-16, 0.8594722, -0.07269507)
bones/4/rotation = Quaternion(0, -0.3651538, 0, 0.93094724)
bones/5/position = Vector3(-1.8683821e-09, -1.421137e-08, 1.01080415e-08)
bones/5/rotation = Quaternion(-0.0007612051, 0.16125345, 0.0002691727, 0.9869127)
bones/6/rotation = Quaternion(-0.06662642, -0.33257088, 0.21346967, 0.9161813)
bones/7/rotation = Quaternion(-0.29523692, 0.3104666, 0.19477667, 0.88233083)
bones/8/rotation = Quaternion(0.91738045, -4.0272934e-07, 4.465854e-09, -0.39801165)
bones/9/rotation = Quaternion(-0.21125305, 0.6336807, -0.73461354, -0.119012386)
bones/10/rotation = Quaternion(-0.19451916, -0.16096987, -0.1612765, 0.95406544)
bones/11/rotation = Quaternion(0.9025497, -1.8532481e-07, 1.3697779e-08, -0.43058577)
bones/12/rotation = Quaternion(0.21255912, 0.4994915, -0.83262783, 0.10980792)
bones/13/rotation = Quaternion(-0.22324574, -0.43403327, 0.19642721, 0.8504074)
bones/16/rotation = Quaternion(0.2462002, 0.6913388, -0.083405636, 0.6741511)
bones/17/rotation = Quaternion(0.535036, 0.51284367, 0.44270492, -0.504718)
bones/18/rotation = Quaternion(-0.62854093, 0.17809008, -0.42095307, 0.62930024)
bones/19/rotation = Quaternion(0.07476574, -0.003853798, -0.49273694, 0.8669519)
bones/20/rotation = Quaternion(0.27955762, 0.27201858, 0.22544512, 0.8927643)
bones/21/rotation = Quaternion(0.3902338, 0.621432, 0.59983647, 0.31896093)
bones/22/position = Vector3(-0.30825013, -0.26045582, 0.1478999)
bones/22/rotation = Quaternion(0.5646278, 0.16441318, 0.4982578, 0.6371052)
bones/23/rotation = Quaternion(0.45292735, -0.5492823, -0.5336393, -0.45648098)
bones/24/rotation = Quaternion(0.028750695, -0.41446525, 0.68559074, 0.5977937)
bones/25/rotation = Quaternion(0.06450906, 0.003325075, 0.42513955, 0.90282)
bones/26/rotation = Quaternion(0.6251473, 0.77252144, -0.013659449, -0.11052207)
bones/27/rotation = Quaternion(-0.6629644, 0.6776911, 0.27008998, -0.16812068)
bones/28/position = Vector3(0.19080228, 0.074197225, 0.39892063)
bones/28/rotation = Quaternion(0.2959653, 0.43299142, 0.408343, 0.7471138)
bones/29/rotation = Quaternion(0.41305324, 0.4023187, 0.81672776, 0.02196472)
bones/31/position = Vector3(-0.6443532, 1.1565367, -0.4339234)
bones/31/rotation = Quaternion(-0.4973504, -0.50263566, 0.50263566, 0.4973504)
bones/32/position = Vector3(-0.6951885, 0.73127604, 0.45540586)
bones/33/position = Vector3(-0.19473016, 0.111512564, -0.2302535)
bones/33/rotation = Quaternion(0.86305946, -0.09327893, 0.17302284, 0.4652854)

[node name="object_0" parent="Model/Armature/GeneralSkeleton" index="0"]
visible = false
layers = 4

[node name="Default" parent="Model/Armature/GeneralSkeleton" index="1" instance=ExtResource("2_tkdiu")]
surface_material_override/0 = SubResource("StandardMaterial3D_7m24l")
surface_material_override/1 = SubResource("StandardMaterial3D_gmg8s")
surface_material_override/2 = SubResource("StandardMaterial3D_bppfm")
surface_material_override/3 = SubResource("StandardMaterial3D_l302k")
surface_material_override/4 = SubResource("StandardMaterial3D_7ejq5")
surface_material_override/5 = SubResource("StandardMaterial3D_4rah6")

[node name="Skin1" parent="Model/Armature/GeneralSkeleton" index="2" instance=ExtResource("3_8tnxv")]
visible = false

[node name="Skin2" parent="Model/Armature/GeneralSkeleton" index="3" instance=ExtResource("4_al6k4")]
visible = false

[node name="Skin3" parent="Model/Armature/GeneralSkeleton" index="4" instance=ExtResource("5_yhhg2")]
visible = false

[node name="BoobJiggle_L" type="BoneAttachment3D" parent="Model/Armature/GeneralSkeleton" index="5"]
transform = Transform3D(-0.5044345, -0.84493506, -0.1778497, 0.093315296, -0.2581159, 0.96159697, -0.85839266, 0.46846664, 0.20904794, -0.034412332, 1.3210316, -0.06352741)
bone_name = "Boob.L"
bone_idx = 29
script = ExtResource("5_0hxec")
properties = SubResource("Resource_6rvdl")

[node name="BoobJiggle_R" type="BoneAttachment3D" parent="Model/Armature/GeneralSkeleton" index="6"]
transform = Transform3D(0.55945855, -0.8201352, -0.11993489, -0.78780156, -0.5711267, 0.23061453, -0.25763312, -0.034534395, -0.96562546, -0.030606652, 1.2729979, -0.14071658)
bone_name = "Boob.R"
bone_idx = 30
script = ExtResource("5_0hxec")
properties = SubResource("Resource_6rvdl")

[node name="Body Slot" type="BoneAttachment3D" parent="Model/Armature/GeneralSkeleton" index="7"]
transform = Transform3D(-0.041823506, 0.27119532, -0.96161526, 0.5278785, 0.8231554, 0.20918779, 0.8482896, -0.49886703, -0.17758542, -0.040062025, 1.179688, -0.029483616)
bone_name = "Spine"
bone_idx = 13

[node name="Offset" type="Node3D" parent="Model/Armature/GeneralSkeleton/Body Slot"]
transform = Transform3D(1, 0, 0, 0, 1, 0, 0, 0, 1, 6.2864274e-09, 4.656613e-09, -0.18967506)

[node name="Right Hand Slot" type="BoneAttachment3D" parent="Model/Armature/GeneralSkeleton" index="8"]
transform = Transform3D(-0.28946456, -0.93848586, 0.18829429, 0.018797755, -0.20225164, -0.97915363, 0.95700437, -0.27989075, 0.07618588, -0.35200638, 1.1606132, 0.049666062)
bone_name = "RightHand"
bone_idx = 26

[node name="Offset" type="Node3D" parent="Model/Armature/GeneralSkeleton/Right Hand Slot"]
transform = Transform3D(-4.371139e-08, 1, -4.371139e-08, 0, -4.371139e-08, -1, -1, -4.371139e-08, 1.9106855e-15, 3.7440806e-09, 0.046276297, 0.01666765)

[node name="BoneAttachment3D" type="BoneAttachment3D" parent="Model/Armature/GeneralSkeleton" index="9"]
transform = Transform3D(0.6647585, 0.4692036, -0.5813297, -0.24426891, 0.87190175, 0.42440557, 0.70599496, -0.14012645, 0.69421583, -0.107100286, 0.89837825, -0.084497824)
visible = false
bone_name = "Hip.R"
bone_idx = 10

[node name="Hand Gun" parent="Model/Armature/GeneralSkeleton/BoneAttachment3D" instance=ExtResource("26_42dvd")]
transform = Transform3D(0.43586275, -0.15194154, 0.1921909, -0.20926976, -0.026937151, 0.45329958, -0.12739588, -0.47559243, -0.087075345, -0.042902913, 0.11678678, 0.04280654)

[node name="object_2_001" parent="Model/Armature/GeneralSkeleton/BoneAttachment3D/Hand Gun/Armature/Skeleton3D" index="0"]
layers = 8

[node name="object_7" parent="Model/Armature/GeneralSkeleton/BoneAttachment3D/Hand Gun/Armature/Skeleton3D" index="1"]
layers = 8

[node name="Hitboxes" parent="Model/Armature/GeneralSkeleton" index="10" instance=ExtResource("8_kngan")]

[node name="Head" parent="Model/Armature/GeneralSkeleton/Hitboxes" index="0"]
transform = Transform3D(0.99640536, 0.007290855, -0.08439937, -1.6391277e-07, 0.99628973, 0.08606261, 0.084713705, -0.08575314, 0.9927085, 0.07251855, 1.4487976, -0.19139613)

[node name="Torso" parent="Model/Armature/GeneralSkeleton/Hitboxes" index="1"]
transform = Transform3D(0.38819253, -0.20725536, -0.8979709, 0.43658915, 0.89946324, -0.018862473, 0.8116012, -0.38472205, 0.4396503, -0.020331202, 1.0149086, -0.027721569)

[node name="HipL" parent="Model/Armature/GeneralSkeleton/Hitboxes" index="2"]
transform = Transform3D(0.9392638, -0.3156789, 0.13464916, 0.15954782, 0.74900705, 0.64306533, -0.30385527, -0.582525, 0.75388104, 0.079723656, 0.89843684, -0.00024265051)

[node name="CollisionShape3D" parent="Model/Armature/GeneralSkeleton/Hitboxes/HipL/Area3D" index="0"]
transform = Transform3D(1, 0, -1.49012e-08, -2.98023e-08, 1, 2.98023e-08, 0, 2.98023e-08, 1, -0.025423, -0.21549052, 0.005867476)

[node name="ShinL" parent="Model/Armature/GeneralSkeleton/Hitboxes" index="3"]
transform = Transform3D(0.939264, 0.1173344, -0.3225149, 0.15954708, -0.98130435, 0.107641816, -0.30385506, -0.15256038, -0.94042414, 0.23416957, 0.5424694, 0.26634002)
bone_name = "LeftLowerLeg"

[node name="CollisionShape3D" parent="Model/Armature/GeneralSkeleton/Hitboxes/ShinL/Area3D" index="0"]
transform = Transform3D(1, 1.49012e-08, -2.98023e-08, 0, 1, 0, 2.98023e-08, 0, 1, -0.0142417, 0.16906, 0.0148261)

[node name="FootL" parent="Model/Armature/GeneralSkeleton/Hitboxes" index="4"]
transform = Transform3D(-0.98846686, -0.15143707, -1.2293458e-07, -1.0430813e-07, 3.7252903e-08, 1.0000001, -0.15143725, 0.988467, -7.4505806e-08, 0.27976155, 0.12725806, 0.1892544)
bone_name = "LeftFoot"

[node name="CollisionShape3D" parent="Model/Armature/GeneralSkeleton/Hitboxes/FootL/Area3D" index="0"]
transform = Transform3D(1, -1.01328e-06, 9.90927e-07, -7.45058e-08, 1, 3.27826e-07, 2.98023e-08, -2.98023e-08, 1, -0.0222079, 0.0869795, -0.00359249)

[node name="HipR" parent="Model/Armature/GeneralSkeleton/Hitboxes" index="5"]
transform = Transform3D(0.6647585, 0.4692036, -0.5813297, -0.24426891, 0.87190175, 0.42440557, 0.70599496, -0.14012645, 0.69421583, -0.107100286, 0.89837825, -0.084497824)

[node name="CollisionShape3D" parent="Model/Armature/GeneralSkeleton/Hitboxes/HipR/Area3D" index="0"]
transform = Transform3D(1, -1.49012e-08, 2.98023e-08, -2.98023e-08, 1, -2.98023e-08, -2.98023e-08, -1.49012e-08, 1, 0, -0.215, 0)

[node name="ShinR" parent="Model/Armature/GeneralSkeleton/Hitboxes" index="6"]
transform = Transform3D(0.6647584, 0.15661928, 0.7304566, -0.24426927, -0.87846273, 0.41065314, 0.7059949, -0.45141315, -0.5457081, -0.32861954, 0.48674583, -0.028635234)
bone_name = "RightLowerLeg"

[node name="CollisionShape3D" parent="Model/Armature/GeneralSkeleton/Hitboxes/ShinR/Area3D" index="0"]
transform = Transform3D(1, -5.96046e-08, 0, 0, 1, 0, 5.96046e-08, -2.98023e-08, 1, -0.00266159, 0.177296, 0.0237272)

[node name="FootR" parent="Model/Armature/GeneralSkeleton/Hitboxes" index="7"]
transform = Transform3D(-0.92272484, -0.38545984, 6.556511e-07, 4.917383e-07, 6.2584877e-07, 1.0000001, -0.38545978, 0.9227247, -2.5331974e-07, -0.2525602, 0.119164705, -0.22743246)
bone_name = "RightFoot"

[node name="CollisionShape3D" parent="Model/Armature/GeneralSkeleton/Hitboxes/FootR/Area3D" index="0"]
transform = Transform3D(1, -1.07288e-06, 9.98378e-07, -2.98023e-08, 1, 3.27826e-07, 0, 0, 1, 0.00620535, 0.071349, 0.00668768)

[node name="BicepL" parent="Model/Armature/GeneralSkeleton/Hitboxes" index="8"]
transform = Transform3D(-0.46741852, -0.6362003, -0.61381525, 0.026430726, -0.7040794, 0.7096293, -0.883641, 0.31547028, 0.34591514, 0.026122415, 1.3724583, -0.011534475)

[node name="TricepL" parent="Model/Armature/GeneralSkeleton/Hitboxes" index="9"]
transform = Transform3D(0.34459803, -0.8011396, -0.4893134, 0.5679941, -0.23706643, 0.78815114, -0.7474189, -0.54952246, 0.37335017, -0.14255784, 1.1790967, 0.07752189)

[node name="HandL" parent="Model/Armature/GeneralSkeleton/Hitboxes" index="10"]
transform = Transform3D(-0.009781733, -0.98504436, 0.17202312, 0.0112605095, 0.1719119, 0.985048, -0.99988896, 0.011572719, 0.00941065, -0.33438015, 1.1235746, -0.05974792)
bone_name = "LeftHand"

[node name="BicepR" parent="Model/Armature/GeneralSkeleton/Hitboxes" index="11"]
transform = Transform3D(-0.21324661, -0.9609549, -0.17632845, 0.15881982, -0.21217513, 0.9642397, -0.9640032, 0.17761639, 0.19786447, 0.017199218, 1.2553186, -0.20743176)

[node name="TricepR" parent="Model/Armature/GeneralSkeleton/Hitboxes" index="12"]
transform = Transform3D(-0.8828573, -0.4630143, -0.078618735, -0.014462028, -0.14051946, 0.9899725, -0.46941873, 0.87514126, 0.11736267, -0.2443006, 1.1957221, -0.16454956)

[node name="HandR" parent="Model/Armature/GeneralSkeleton/Hitboxes" index="13"]
transform = Transform3D(-0.28946456, -0.93848586, 0.18829429, 0.018797755, -0.20225164, -0.97915363, 0.95700437, -0.27989075, 0.07618588, -0.35200638, 1.1606132, 0.049666062)
bone_name = "RightHand"

[node name="Fists" parent="Model/Armature/GeneralSkeleton" index="11" instance=ExtResource("9_ss2si")]

[node name="HandL" parent="Model/Armature/GeneralSkeleton/Fists" index="0"]
transform = Transform3D(-0.009781733, -0.98504436, 0.17202312, 0.0112605095, 0.1719119, 0.985048, -0.99988896, 0.011572719, 0.00941065, -0.33438015, 1.1235746, -0.05974792)
bone_name = "LeftHand"

[node name="HandR" parent="Model/Armature/GeneralSkeleton/Fists" index="1"]
transform = Transform3D(-0.28946456, -0.93848586, 0.18829429, 0.018797755, -0.20225164, -0.97915363, 0.95700437, -0.27989075, 0.07618588, -0.35200638, 1.1606132, 0.049666062)
bone_name = "RightHand"

[node name="AnimationPlayer" type="AnimationPlayer" parent="Model"]
root_node = NodePath("../Armature")
libraries = {
&"": SubResource("AnimationLibrary_moote"),
&"Lower Body": ExtResource("29_ddyhc"),
&"Taunts": ExtResource("30_kngan"),
&"Upper Body": ExtResource("31_ss2si")
}

[node name="SFX" type="Node3D" parent="."]
process_mode = 3
script = ExtResource("2_e62qw")

[node name="Taunts" type="Node3D" parent="SFX"]

[node name="Entrance" type="AudioStreamPlayer3D" parent="SFX/Taunts"]
stream = ExtResource("11_g4l87")
volume_db = -15.0
max_db = 0.0
bus = &"Characters"
attenuation_filter_db = 0.0

[node name="Win" type="AudioStreamPlayer3D" parent="SFX/Taunts"]
stream = ExtResource("12_jf87h")
volume_db = -15.0
max_db = 0.0
bus = &"Characters"
attenuation_filter_db = 0.0

[node name="Lose" type="AudioStreamPlayer3D" parent="SFX/Taunts"]
stream = ExtResource("13_elvcm")
volume_db = -15.0
max_db = 0.0
bus = &"Characters"
attenuation_filter_db = 0.0

[node name="Common" parent="SFX" instance=ExtResource("6_7s2fl")]

[node name="Death" type="AudioStreamPlayer3D" parent="SFX"]
transform = Transform3D(1, 0, 0, 0, 1, 0, 0, 0, 1, 0, 1.49041, 0)
stream = ExtResource("44_fs5gc")
volume_db = -10.0
max_db = 0.0
pitch_scale = 0.64
bus = &"Characters"
attenuation_filter_db = 0.0

[node name="Hit" type="AudioStreamPlayer3D" parent="SFX"]
transform = Transform3D(1, 0, 0, 0, 1, 0, 0, 0, 1, 0, 1.49041, 0)
stream = SubResource("AudioStreamRandomizer_d3lnu")
volume_db = -10.0
max_db = 0.0
pitch_scale = 0.64
bus = &"Characters"
attenuation_filter_db = 0.0

[node name="Pickup" type="AudioStreamPlayer3D" parent="SFX"]
transform = Transform3D(1, 0, 0, 0, 1, 0, 0, 0, 1, 0, 1.49041, 0)
stream = SubResource("AudioStreamRandomizer_i8f3a")
volume_db = -10.0
max_db = 0.0
pitch_scale = 0.64
bus = &"Characters"
attenuation_filter_db = 0.0

[node name="Attack" type="AudioStreamPlayer3D" parent="SFX"]
transform = Transform3D(1, 0, 0, 0, 1, 0, 0, 0, 1, 0, 1.49041, 0)
stream = SubResource("AudioStreamRandomizer_y2he5")
volume_db = -10.0
max_db = 0.0
pitch_scale = 0.64
bus = &"Characters"
attenuation_filter_db = 0.0

[node name="Special 1" type="AudioStreamPlayer3D" parent="SFX"]
transform = Transform3D(1, 0, 0, 0, 1, 0, 0, 0, 1, 0, 1.49041, 0)
stream = ExtResource("49_tvohs")
volume_db = -10.0
max_db = 0.0
pitch_scale = 0.64
bus = &"Characters"
attenuation_filter_db = 0.0

[node name="Special 2" type="AudioStreamPlayer3D" parent="SFX"]
transform = Transform3D(1, 0, 0, 0, 1, 0, 0, 0, 1, 0, 1.49041, 0)
stream = ExtResource("50_ds2fd")
volume_db = -10.0
max_db = 0.0
pitch_scale = 0.64
bus = &"Characters"
attenuation_filter_db = 0.0

[node name="Special 3" type="AudioStreamPlayer3D" parent="SFX"]
transform = Transform3D(1, 0, 0, 0, 1, 0, 0, 0, 1, 0, 1.49041, 0)
stream = ExtResource("51_jsy6k")
volume_db = -10.0
max_db = 0.0
pitch_scale = 0.64
bus = &"Characters"
attenuation_filter_db = 0.0

[editable path="Model"]
[editable path="Model/Armature/GeneralSkeleton/BoneAttachment3D/Hand Gun"]
[editable path="Model/Armature/GeneralSkeleton/Hitboxes"]
[editable path="Model/Armature/GeneralSkeleton/Fists"]
[editable path="SFX/Common"]
