[gd_scene load_steps=44 format=3 uid="uid://7f7klsd70wet"]

[ext_resource type="Script" uid="uid://b67p4er5pdntl" path="res://Scripts/Characters/CharacterController.gd" id="1_3ic4i"]
[ext_resource type="PackedScene" uid="uid://4rpgbqcx2mlc" path="res://Models/Characters/Kassey/KasseyV2.glb" id="1_f3jbs"]
[ext_resource type="AnimationLibrary" uid="uid://vfmegwigbpp6" path="res://Animations/Libraries/Lower Body.res" id="2_5hylb"]
[ext_resource type="Script" uid="uid://0a1jysr3rwqr" path="res://addons/wigglebone/wiggle_bone.gd" id="2_jse3f"]
[ext_resource type="Texture2D" uid="uid://1l7e5shnrg6q" path="res://Textures/Characters/Kassey/Cards/2564cccd.png" id="2_p7vu2"]
[ext_resource type="Script" uid="uid://clqr0agw21yiu" path="res://addons/wigglebone/wiggle_properties.gd" id="3_3ic4i"]
[ext_resource type="AnimationLibrary" uid="uid://dhtb15v55d82c" path="res://Animations/Characters/Kassey V2/Taunts.res" id="3_216a4"]
[ext_resource type="Texture2D" uid="uid://bc2dnikq5olds" path="res://Textures/Characters/Kassey/Cards/4a771680.png" id="3_wvtl6"]
[ext_resource type="AnimationLibrary" uid="uid://dnhupqy51bnxj" path="res://Animations/Libraries/Upper Body.res" id="4_4hy3j"]
[ext_resource type="PackedScene" uid="uid://cbljabamec4yv" path="res://Prefabs/Characters/Common/GameplayAnimationTreeV2.tscn" id="4_bsx7c"]
[ext_resource type="PackedScene" uid="uid://bmuljmi6fxn4h" path="res://Prefabs/Characters/Common/Hitboxes.tscn" id="4_ywgiw"]
[ext_resource type="PackedScene" uid="uid://cnwwwjk7llw03" path="res://Prefabs/Characters/Common/TauntAnimationTree.tscn" id="5_7dw6h"]
[ext_resource type="PackedScene" uid="uid://bexuiaqh7fwn0" path="res://Prefabs/Characters/Common/Fists.tscn" id="5_xg7lx"]
[ext_resource type="PackedScene" uid="uid://d2eirpsbs2b4x" path="res://Prefabs/Weapons/HandGun/HandGun.tscn" id="6_7dw6h"]
[ext_resource type="PackedScene" uid="uid://dmuralb7vf4hs" path="res://Models/Characters/Kassey/Skins V2/Default.tscn" id="8_enb65"]
[ext_resource type="PackedScene" uid="uid://cqt67vp121ste" path="res://Models/Characters/Kassey/Skins V2/Skin1.tscn" id="9_ulajr"]
[ext_resource type="PackedScene" uid="uid://c21gahrcwjfd1" path="res://Models/Characters/Kassey/Skins V2/Skin2.tscn" id="10_i3a4q"]
[ext_resource type="PackedScene" uid="uid://b28giemmouara" path="res://Models/Weapons/Hand Gun.glb" id="10_moote"]
[ext_resource type="PackedScene" uid="uid://c7tl40tfwplaa" path="res://Models/Characters/Kassey/Skins/Skin3.tscn" id="11_qrivw"]
[ext_resource type="Script" uid="uid://bosu3x1t1to4" path="res://Scripts/Characters/CharacterSFXController.gd" id="12_bsx7c"]
[ext_resource type="AudioStream" uid="uid://batjkus31e212" path="res://Sound/Characters/Kassey/Taunts/Entrance.wav" id="13_7dw6h"]
[ext_resource type="AudioStream" uid="uid://fqg2klfuq0bi" path="res://Sound/Characters/Kassey/Taunts/Win.wav" id="14_moote"]
[ext_resource type="AudioStream" uid="uid://c24r331n1v8ts" path="res://Sound/Characters/Kassey/Taunts/Lose.wav" id="15_7h5bw"]
[ext_resource type="PackedScene" uid="uid://blgqvbxjfjr68" path="res://Prefabs/Characters/Common/SFX/Common.tscn" id="16_ulajr"]
[ext_resource type="AudioStream" uid="uid://bxti6ef2fj5xk" path="res://Sound/Characters/Kassey/Damage/Death.wav" id="17_i3a4q"]
[ext_resource type="AudioStream" uid="uid://jwn7medqw7mu" path="res://Sound/Characters/Kassey/Damage/Hit 1.wav" id="18_qrivw"]
[ext_resource type="AudioStream" uid="uid://b5ngstnjevysd" path="res://Sound/Characters/Kassey/Damage/Hit 2.wav" id="19_3ol2n"]
[ext_resource type="AudioStream" uid="uid://dyruym4jb3u3y" path="res://Sound/Characters/Kassey/Damage/Hit 3.wav" id="20_6vquh"]
[ext_resource type="AudioStream" uid="uid://dh5kh8x4jwl62" path="res://Sound/Characters/Kassey/Pickup/Pickup 1.wav" id="21_7hbue"]
[ext_resource type="AudioStream" uid="uid://dbdrtg62q8kno" path="res://Sound/Characters/Kassey/Pickup/Pickup 2.wav" id="22_k0fln"]
[ext_resource type="AudioStream" uid="uid://u5josehujxkb" path="res://Sound/Characters/Kassey/Pickup/Pickup 3.wav" id="23_30gg8"]
[ext_resource type="AudioStream" uid="uid://dbsf178jclsuu" path="res://Sound/Characters/Kassey/Attack/Attack 1.wav" id="24_xcnnw"]
[ext_resource type="AudioStream" uid="uid://kxw5dp02j86o" path="res://Sound/Characters/Kassey/Attack/Attack 2.wav" id="25_ag6ru"]
[ext_resource type="AudioStream" uid="uid://iuhploaf8bx4" path="res://Sound/Characters/Kassey/Attack/Attack 3.wav" id="26_vwb0q"]
[ext_resource type="AudioStream" uid="uid://cqdmw6sgdbhou" path="res://Sound/Characters/Kassey/Specials/Special 1.wav" id="27_enb65"]
[ext_resource type="AudioStream" uid="uid://b8coxs1hsf0cp" path="res://Sound/Characters/Kassey/Specials/Special 2.wav" id="28_toeio"]
[ext_resource type="AudioStream" uid="uid://bhjhus7dgkh8w" path="res://Sound/Characters/Kassey/Specials/Special 3.wav" id="29_qgxy0"]

[sub_resource type="Resource" id="Resource_6rvdl"]
script = ExtResource("3_3ic4i")
stiffness = 0.2
damping = 0.5
length = 0.2

[sub_resource type="Animation" id="Animation_7dw6h"]
length = 0.001
tracks/0/type = "value"
tracks/0/imported = false
tracks/0/enabled = true
tracks/0/path = NodePath("%GeneralSkeleton/BoneAttachment3D/Hand Gun:position")
tracks/0/interp = 1
tracks/0/loop_wrap = true
tracks/0/keys = {
"times": PackedFloat32Array(0),
"transitions": PackedFloat32Array(1),
"update": 0,
"values": [Vector3(-0.042902913, 0.11678678, 0.04280654)]
}
tracks/1/type = "value"
tracks/1/imported = false
tracks/1/enabled = true
tracks/1/path = NodePath("%GeneralSkeleton/BoneAttachment3D/Hand Gun:rotation")
tracks/1/interp = 1
tracks/1/loop_wrap = true
tracks/1/keys = {
"times": PackedFloat32Array(0),
"transitions": PackedFloat32Array(1),
"update": 0,
"values": [Vector3(-1.1351541, 1.9961978, -1.6988121)]
}
tracks/2/type = "value"
tracks/2/imported = false
tracks/2/enabled = true
tracks/2/path = NodePath("%GeneralSkeleton/BoneAttachment3D:visible")
tracks/2/interp = 1
tracks/2/loop_wrap = true
tracks/2/keys = {
"times": PackedFloat32Array(0),
"transitions": PackedFloat32Array(1),
"update": 1,
"values": [true]
}
tracks/3/type = "value"
tracks/3/imported = false
tracks/3/enabled = true
tracks/3/path = NodePath("%GeneralSkeleton/BoneAttachment3D:bone_name")
tracks/3/interp = 1
tracks/3/loop_wrap = true
tracks/3/keys = {
"times": PackedFloat32Array(0),
"transitions": PackedFloat32Array(1),
"update": 1,
"values": ["Hip.R"]
}
tracks/4/type = "value"
tracks/4/imported = false
tracks/4/enabled = true
tracks/4/path = NodePath("../../SFX/Taunts/Entrance:playing")
tracks/4/interp = 1
tracks/4/loop_wrap = true
tracks/4/keys = {
"times": PackedFloat32Array(0),
"transitions": PackedFloat32Array(1),
"update": 1,
"values": [false]
}

[sub_resource type="AnimationLibrary" id="AnimationLibrary_moote"]
_data = {
&"RESET": SubResource("Animation_7dw6h")
}

[sub_resource type="AudioStreamRandomizer" id="AudioStreamRandomizer_d3lnu"]
streams_count = 3
stream_0/stream = ExtResource("18_qrivw")
stream_1/stream = ExtResource("19_3ol2n")
stream_2/stream = ExtResource("20_6vquh")

[sub_resource type="AudioStreamRandomizer" id="AudioStreamRandomizer_i8f3a"]
streams_count = 3
stream_0/stream = ExtResource("21_7hbue")
stream_1/stream = ExtResource("22_k0fln")
stream_2/stream = ExtResource("23_30gg8")

[sub_resource type="AudioStreamRandomizer" id="AudioStreamRandomizer_y2he5"]
streams_count = 3
stream_0/stream = ExtResource("24_xcnnw")
stream_1/stream = ExtResource("25_ag6ru")
stream_2/stream = ExtResource("26_vwb0q")

[node name="Kassey" type="Node3D" node_paths=PackedStringArray("skins", "hitboxes", "fists", "jiggle_bones", "sfx_controller", "body_slot", "right_hand_slot")]
script = ExtResource("1_3ic4i")
character = 2
character_team = 1
avatar_big = ExtResource("2_p7vu2")
avatar_small = ExtResource("3_wvtl6")
skins = [NodePath("Model/Armature/GeneralSkeleton/Default"), NodePath("Model/Armature/GeneralSkeleton/Skin1"), NodePath("Model/Armature/GeneralSkeleton/Skin2"), NodePath("Model/Armature/GeneralSkeleton/Skin3")]
is_v2 = true
stat_speed = 3
hitboxes = [NodePath("Model/Armature/GeneralSkeleton/Hitboxes/Head/Area3D"), NodePath("Model/Armature/GeneralSkeleton/Hitboxes/Torso/Area3D"), NodePath("Model/Armature/GeneralSkeleton/Hitboxes/HipL/Area3D"), NodePath("Model/Armature/GeneralSkeleton/Hitboxes/ShinL/Area3D"), NodePath("Model/Armature/GeneralSkeleton/Hitboxes/FootL/Area3D"), NodePath("Model/Armature/GeneralSkeleton/Hitboxes/HipR/Area3D"), NodePath("Model/Armature/GeneralSkeleton/Hitboxes/ShinR/Area3D"), NodePath("Model/Armature/GeneralSkeleton/Hitboxes/FootR/Area3D"), NodePath("Model/Armature/GeneralSkeleton/Hitboxes/BicepL/Area3D"), NodePath("Model/Armature/GeneralSkeleton/Hitboxes/TricepL/Area3D"), NodePath("Model/Armature/GeneralSkeleton/Hitboxes/HandL/Area3D"), NodePath("Model/Armature/GeneralSkeleton/Hitboxes/BicepR/Area3D"), NodePath("Model/Armature/GeneralSkeleton/Hitboxes/TricepR/Area3D"), NodePath("Model/Armature/GeneralSkeleton/Hitboxes/HandR/Area3D")]
fists = [NodePath("Model/Armature/GeneralSkeleton/Fists/HandL/Fist"), NodePath("Model/Armature/GeneralSkeleton/Fists/HandR/Fist")]
jiggle_bones = [NodePath("Model/Armature/GeneralSkeleton/BoobJiggle_L"), NodePath("Model/Armature/GeneralSkeleton/BoobJiggle_R")]
sfx_controller = NodePath("SFX")
gameplay_animation_tree = ExtResource("4_bsx7c")
taunt_animation_tree = ExtResource("5_7dw6h")
body_slot = NodePath("Model/Armature/GeneralSkeleton/Body Slot")
right_hand_slot = NodePath("Model/Armature/GeneralSkeleton/Right Hand Slot")
initial_loadout = ExtResource("6_7dw6h")

[node name="Model" parent="." instance=ExtResource("1_f3jbs")]
transform = Transform3D(-1, 0, -8.742278e-08, 0, 1, 0, 8.742278e-08, 0, -1, 0, 0, 0)

[node name="GeneralSkeleton" parent="Model/Armature" index="0"]
bones/0/position = Vector3(0.35789216, 1.267207, 0.49943596)
bones/0/rotation = Quaternion(0.04466612, -0.052122947, 0.7056947, -0.70518315)
bones/1/position = Vector3(-0.6847459, 0.74657524, -0.35356712)
bones/1/rotation = Quaternion(0.5330481, -0.46460706, 0.4646071, 0.5330481)
bones/2/position = Vector3(-0.04736104, 0.109022066, 0.021896038)
bones/2/rotation = Quaternion(0.36121258, -0.43274692, 0.8027042, 0.19473428)
bones/3/position = Vector3(0.031199899, 1.5845975, 0.32599303)
bones/3/rotation = Quaternion(0.7099291, -0.090827465, -0.08449137, 0.6932621)
bones/4/position = Vector3(-0.0055153696, 0.9060041, -0.049680457)
bones/4/rotation = Quaternion(-0.0125802085, -0.6569308, -0.014672105, 0.7537032)
bones/5/rotation = Quaternion(0.058108468, 0.028275115, -0.020944562, 0.99768996)
bones/6/rotation = Quaternion(0.027412161, -0.24045646, -0.0067936177, 0.97024906)
bones/7/rotation = Quaternion(-0.15853861, -0.32995534, 0.041572038, 0.92965955)
bones/8/rotation = Quaternion(0.93898994, -0.24139135, -0.007445687, -0.2448933)
bones/9/rotation = Quaternion(0.047098365, 0.63441646, -0.75340384, -0.16637409)
bones/10/rotation = Quaternion(-0.093322866, 0.324116, 0.016668163, 0.94125557)
bones/11/rotation = Quaternion(0.8884159, 0.32216904, 0.009937386, -0.32684186)
bones/12/rotation = Quaternion(-0.47784755, 0.50687945, -0.63037276, -0.34258595)
bones/13/rotation = Quaternion(-0.08879623, 0.19222338, 0.011749933, 0.9772551)
bones/15/rotation = Quaternion(0.056179788, 0.035046455, -0.019000111, 0.9976245)
bones/16/rotation = Quaternion(-0.015444179, 0.4913343, -0.021009842, 0.8705806)
bones/17/position = Vector3(0.040593907, 0.17100893, -0.017415572)
bones/17/rotation = Quaternion(0.44299722, 0.5308486, 0.5499997, -0.46845877)
bones/18/rotation = Quaternion(-0.2676703, 0.65571785, -0.15993266, 0.68761057)
bones/19/rotation = Quaternion(0.116255954, -0.0060404837, -0.7723496, 0.6244392)
bones/20/rotation = Quaternion(0.04565195, 0.904983, 0.36176035, 0.21920562)
bones/21/rotation = Quaternion(0.31178704, 0.48598272, 0.31902146, 0.75155514)
bones/22/position = Vector3(0.20929623, -0.21672232, -0.0878595)
bones/22/rotation = Quaternion(0.3228775, -0.32998648, -0.8538655, 0.24035963)
bones/23/position = Vector3(-0.04059389, 0.17100896, -0.017415585)
bones/23/rotation = Quaternion(0.38605717, -0.5913798, -0.4974601, -0.5037491)
bones/24/rotation = Quaternion(-0.27405536, -0.7067125, 0.24238645, 0.60555756)
bones/25/rotation = Quaternion(0.10328734, 0.005366891, 0.68619466, 0.7200276)
bones/26/rotation = Quaternion(-0.44772613, 0.8335851, 0.31409895, -0.07758345)
bones/27/rotation = Quaternion(-0.31621292, 0.51894486, 0.26119024, -0.74999017)
bones/28/position = Vector3(-0.24459326, -0.2397299, -0.12199083)
bones/28/rotation = Quaternion(0.4413013, 0.53159636, 0.72267544, -0.019969344)
bones/29/rotation = Quaternion(0.4130531, 0.40231854, 0.81672794, 0.0219646)
bones/31/position = Vector3(-0.28050503, 1.1543093, -0.4374732)
bones/31/rotation = Quaternion(-0.7051831, -0.7056947, 0.05212297, 0.044666097)
bones/32/position = Vector3(-0.40504688, 0.6057614, 0.34658587)
bones/32/rotation = Quaternion(0.5330481, -0.46460715, 0.46460712, 0.5330481)
bones/33/position = Vector3(0.16000554, 0.18643494, -0.08632127)
bones/33/rotation = Quaternion(0.5977719, -0.27125862, 0.7532491, 0.04127253)

[node name="object_0" parent="Model/Armature/GeneralSkeleton" index="0"]
visible = false
layers = 4

[node name="Default" parent="Model/Armature/GeneralSkeleton" index="1" instance=ExtResource("8_enb65")]

[node name="Skin1" parent="Model/Armature/GeneralSkeleton" index="2" instance=ExtResource("9_ulajr")]
visible = false

[node name="Skin2" parent="Model/Armature/GeneralSkeleton" index="3" instance=ExtResource("10_i3a4q")]
visible = false

[node name="Skin3" parent="Model/Armature/GeneralSkeleton" index="4" instance=ExtResource("11_qrivw")]
visible = false

[node name="BoobJiggle_L" type="BoneAttachment3D" parent="Model/Armature/GeneralSkeleton" index="5"]
transform = Transform3D(-0.81012243, -0.5546847, 0.18980558, 0.5184548, -0.5266969, 0.6736428, -0.2736893, 0.6441389, 0.71426827, -0.027533904, 1.3649626, 0.002070561)
bone_name = "Boob.L"
bone_idx = 29
script = ExtResource("2_jse3f")
properties = SubResource("Resource_6rvdl")

[node name="BoobJiggle_R" type="BoneAttachment3D" parent="Model/Armature/GeneralSkeleton" index="6"]
transform = Transform3D(0.15248351, -0.8510875, -0.5023928, -0.4779543, -0.50844336, 0.71627134, -0.865048, 0.13090137, -0.4843101, -0.07301909, 1.3677638, -0.07668944)
bone_name = "Boob.R"
bone_idx = 30
script = ExtResource("2_jse3f")
properties = SubResource("Resource_6rvdl")

[node name="Body Slot" type="BoneAttachment3D" parent="Model/Armature/GeneralSkeleton" index="7"]
transform = Transform3D(0.49987072, 0.19756085, -0.84326684, -0.030784257, 0.9770744, 0.21066105, 0.86555266, -0.07934396, 0.49449262, -0.051470224, 1.228234, -0.041532747)
bone_name = "Spine"
bone_idx = 13

[node name="Offset" type="Node3D" parent="Model/Armature/GeneralSkeleton/Body Slot"]

[node name="Right Hand Slot" type="BoneAttachment3D" parent="Model/Armature/GeneralSkeleton" index="8"]
transform = Transform3D(0.40139312, 0.113527566, 0.9088427, 0.9121379, 0.04036709, -0.40789104, -0.08299442, 0.9927144, -0.08734965, -0.18481427, 1.0789307, -0.23646513)
bone_name = "RightHand"
bone_idx = 26

[node name="Offset" type="Node3D" parent="Model/Armature/GeneralSkeleton/Right Hand Slot"]
transform = Transform3D(-4.371139e-08, 1, -4.371139e-08, 0, -4.371139e-08, -1, -1, -4.371139e-08, 1.9106855e-15, 3.7440806e-09, 0.046276297, 0.01666765)

[node name="BoneAttachment3D" type="BoneAttachment3D" parent="Model/Armature/GeneralSkeleton" index="9"]
transform = Transform3D(0.75451756, 0.07579723, -0.65188795, -0.0168331, 0.99521637, 0.096234, 0.65606374, -0.06163694, 0.7521841, -0.06059344, 0.94681907, -0.1414628)
bone_name = "Hip.R"
bone_idx = 10

[node name="Hand Gun" parent="Model/Armature/GeneralSkeleton/BoneAttachment3D" instance=ExtResource("10_moote")]
transform = Transform3D(0.43586275, -0.15194154, 0.1921909, -0.20926976, -0.026937151, 0.45329958, -0.12739588, -0.47559243, -0.087075345, -0.042902913, 0.11678678, 0.04280654)

[node name="object_2_001" parent="Model/Armature/GeneralSkeleton/BoneAttachment3D/Hand Gun/Armature/Skeleton3D" index="0"]
layers = 8

[node name="object_7" parent="Model/Armature/GeneralSkeleton/BoneAttachment3D/Hand Gun/Armature/Skeleton3D" index="1"]
layers = 8

[node name="Hitboxes" parent="Model/Armature/GeneralSkeleton" index="10" instance=ExtResource("4_ywgiw")]

[node name="Head" parent="Model/Armature/GeneralSkeleton/Hitboxes" index="0"]
transform = Transform3D(0.98349625, 0.17453201, 0.047683507, -0.17415723, 0.9846456, -0.011936683, -0.049034715, 0.0034352243, 0.9987911, 0.027160663, 1.5499123, -0.07112054)

[node name="Torso" parent="Model/Armature/GeneralSkeleton/Hitboxes" index="1"]
transform = Transform3D(-0.2839563, -0.12425467, -0.950752, -0.10422899, 0.98969203, -0.09821423, 0.9531553, 0.07120738, -0.29398018, -0.06480116, 1.0567641, -0.030891098)

[node name="HipL" parent="Model/Armature/GeneralSkeleton/Hitboxes" index="2"]
transform = Transform3D(-0.4499255, 0.2552529, -0.85581124, 0.097405866, 0.9665933, 0.2370854, 0.8877381, 0.023309741, -0.45975813, -0.02106253, 0.9373296, 0.059408724)

[node name="CollisionShape3D" parent="Model/Armature/GeneralSkeleton/Hitboxes/HipL/Area3D" index="0"]
transform = Transform3D(1, 0, -1.49012e-08, -2.98023e-08, 1, 2.98023e-08, 0, 2.98023e-08, 1, -0.025423, -0.21549052, 0.005867476)

[node name="ShinL" parent="Model/Armature/GeneralSkeleton/Hitboxes" index="3"]
transform = Transform3D(-0.39907452, 0.40123045, 0.8244716, -0.37996125, -0.8907049, 0.2495478, 0.83448714, -0.21367908, 0.50790966, -0.13835976, 0.48139924, 0.05817451)
bone_name = "LeftLowerLeg"

[node name="CollisionShape3D" parent="Model/Armature/GeneralSkeleton/Hitboxes/ShinL/Area3D" index="0"]
transform = Transform3D(1, 1.49012e-08, -2.98023e-08, 0, 1, 0, 2.98023e-08, 0, 1, -0.0142417, 0.16906, 0.0148261)

[node name="FootL" parent="Model/Armature/GeneralSkeleton/Hitboxes" index="4"]
transform = Transform3D(0.61530983, -0.78091264, -0.10755859, 0.11568782, -0.04551138, 0.9922422, -0.7797498, -0.62297976, 0.06233854, 0.042782396, 0.10651094, -0.02589364)
bone_name = "LeftFoot"

[node name="CollisionShape3D" parent="Model/Armature/GeneralSkeleton/Hitboxes/FootL/Area3D" index="0"]
transform = Transform3D(1, -1.01328e-06, 9.90927e-07, -7.45058e-08, 1, 3.27826e-07, 2.98023e-08, -2.98023e-08, 1, -0.0222079, 0.0869795, -0.00359249)

[node name="HipR" parent="Model/Armature/GeneralSkeleton/Hitboxes" index="5"]
transform = Transform3D(0.75451756, 0.07579723, -0.65188795, -0.0168331, 0.99521637, 0.096234, 0.65606374, -0.06163694, 0.7521841, -0.06059344, 0.94681907, -0.1414628)

[node name="CollisionShape3D" parent="Model/Armature/GeneralSkeleton/Hitboxes/HipR/Area3D" index="0"]
transform = Transform3D(1, -1.49012e-08, 2.98023e-08, -2.98023e-08, 1, -2.98023e-08, -2.98023e-08, -1.49012e-08, 1, 0, -0.215, 0)

[node name="ShinR" parent="Model/Armature/GeneralSkeleton/Hitboxes" index="6"]
transform = Transform3D(0.49184257, 0.76735413, 0.41141033, 0.5718673, -0.64101076, 0.51193064, 0.65655035, -0.016517282, -0.75410104, -0.09709724, 0.47783715, -0.122593835)
bone_name = "RightLowerLeg"

[node name="CollisionShape3D" parent="Model/Armature/GeneralSkeleton/Hitboxes/ShinR/Area3D" index="0"]
transform = Transform3D(1, -5.96046e-08, 0, 0, 1, 0, 5.96046e-08, -2.98023e-08, 1, -0.00266159, 0.177296, 0.0237272)

[node name="FootR" parent="Model/Armature/GeneralSkeleton/Hitboxes" index="7"]
transform = Transform3D(0.19866247, -0.7718295, -0.60399705, 0.34338707, -0.5223992, 0.7805027, -0.91794246, -0.3624612, 0.16125518, 0.23407674, 0.21239445, -0.13948132)
bone_name = "RightFoot"

[node name="CollisionShape3D" parent="Model/Armature/GeneralSkeleton/Hitboxes/FootR/Area3D" index="0"]
transform = Transform3D(1, -1.07288e-06, 9.98378e-07, -2.98023e-08, 1, 3.27826e-07, 0, 0, 1, 0.00620535, 0.071349, 0.00668768)

[node name="BicepL" parent="Model/Armature/GeneralSkeleton/Hitboxes" index="8"]
transform = Transform3D(-0.40914124, 0.31388244, -0.8567855, -0.79381114, -0.58547133, 0.16458222, -0.44996387, 0.7474631, 0.4887038, 0.042867374, 1.3909645, 0.039699063)

[node name="TricepL" parent="Model/Armature/GeneralSkeleton/Hitboxes" index="9"]
transform = Transform3D(-0.07679053, -0.59554046, -0.79964674, 0.6905378, -0.610291, 0.3882042, -0.71920824, -0.52237594, 0.45810777, 0.1325914, 1.2354443, 0.24350245)

[node name="HandL" parent="Model/Armature/GeneralSkeleton/Hitboxes" index="10"]
transform = Transform3D(0.21628067, -0.97093904, 0.10247004, -0.90971607, -0.23851442, -0.33989328, 0.35445595, -0.019706398, -0.9348649, -0.011153907, 1.0905676, 0.1128521)
bone_name = "LeftHand"

[node name="BicepR" parent="Model/Armature/GeneralSkeleton/Hitboxes" index="11"]
transform = Transform3D(-0.28392828, -0.57480395, -0.7674538, 0.8907753, -0.45431763, 0.010720238, -0.35482982, -0.68058497, 0.6410147, -0.06747918, 1.4128621, -0.15330212)

[node name="TricepR" parent="Model/Armature/GeneralSkeleton/Hitboxes" index="12"]
transform = Transform3D(-0.6880193, 0.13921636, -0.71221375, -0.3961472, -0.8943472, 0.20787188, -0.60802704, 0.4251614, 0.67047817, -0.22277302, 1.2938794, -0.34171578)

[node name="HandR" parent="Model/Armature/GeneralSkeleton/Hitboxes" index="13"]
transform = Transform3D(0.40139312, 0.113527566, 0.9088427, 0.9121379, 0.04036709, -0.40789104, -0.08299442, 0.9927144, -0.08734965, -0.18481427, 1.0789307, -0.23646513)
bone_name = "RightHand"

[node name="Fists" parent="Model/Armature/GeneralSkeleton" index="11" instance=ExtResource("5_xg7lx")]

[node name="HandL" parent="Model/Armature/GeneralSkeleton/Fists" index="0"]
transform = Transform3D(0.21628067, -0.97093904, 0.10247004, -0.90971607, -0.23851442, -0.33989328, 0.35445595, -0.019706398, -0.9348649, -0.011153907, 1.0905676, 0.1128521)
bone_name = "LeftHand"

[node name="HandR" parent="Model/Armature/GeneralSkeleton/Fists" index="1"]
transform = Transform3D(0.40139312, 0.113527566, 0.9088427, 0.9121379, 0.04036709, -0.40789104, -0.08299442, 0.9927144, -0.08734965, -0.18481427, 1.0789307, -0.23646513)
bone_name = "RightHand"

[node name="AnimationPlayer" type="AnimationPlayer" parent="Model"]
root_node = NodePath("../Armature")
libraries = {
&"": SubResource("AnimationLibrary_moote"),
&"Lower Body": ExtResource("2_5hylb"),
&"Taunts": ExtResource("3_216a4"),
&"Upper Body": ExtResource("4_4hy3j")
}

[node name="SFX" type="Node3D" parent="."]
process_mode = 3
script = ExtResource("12_bsx7c")

[node name="Taunts" type="Node3D" parent="SFX"]

[node name="Entrance" type="AudioStreamPlayer3D" parent="SFX/Taunts"]
stream = ExtResource("13_7dw6h")
volume_db = -15.0
max_db = 0.0
bus = &"Characters"
attenuation_filter_db = 0.0

[node name="Win" type="AudioStreamPlayer3D" parent="SFX/Taunts"]
stream = ExtResource("14_moote")
volume_db = -15.0
max_db = 0.0
bus = &"Characters"
attenuation_filter_db = 0.0

[node name="Lose" type="AudioStreamPlayer3D" parent="SFX/Taunts"]
stream = ExtResource("15_7h5bw")
volume_db = -15.0
max_db = 0.0
bus = &"Characters"
attenuation_filter_db = 0.0

[node name="Common" parent="SFX" instance=ExtResource("16_ulajr")]

[node name="Death" type="AudioStreamPlayer3D" parent="SFX"]
transform = Transform3D(1, 0, 0, 0, 1, 0, 0, 0, 1, 0, 1.49041, 0)
stream = ExtResource("17_i3a4q")
volume_db = -10.0
max_db = 0.0
pitch_scale = 0.64
bus = &"Characters"
attenuation_filter_db = 0.0

[node name="Hit" type="AudioStreamPlayer3D" parent="SFX"]
transform = Transform3D(1, 0, 0, 0, 1, 0, 0, 0, 1, 0, 1.49041, 0)
stream = SubResource("AudioStreamRandomizer_d3lnu")
volume_db = -10.0
max_db = 0.0
pitch_scale = 0.64
bus = &"Characters"
attenuation_filter_db = 0.0

[node name="Pickup" type="AudioStreamPlayer3D" parent="SFX"]
transform = Transform3D(1, 0, 0, 0, 1, 0, 0, 0, 1, 0, 1.49041, 0)
stream = SubResource("AudioStreamRandomizer_i8f3a")
volume_db = -10.0
max_db = 0.0
pitch_scale = 0.64
bus = &"Characters"
attenuation_filter_db = 0.0

[node name="Attack" type="AudioStreamPlayer3D" parent="SFX"]
transform = Transform3D(1, 0, 0, 0, 1, 0, 0, 0, 1, 0, 1.49041, 0)
stream = SubResource("AudioStreamRandomizer_y2he5")
volume_db = -10.0
max_db = 0.0
pitch_scale = 0.64
bus = &"Characters"
attenuation_filter_db = 0.0

[node name="Special 1" type="AudioStreamPlayer3D" parent="SFX"]
transform = Transform3D(1, 0, 0, 0, 1, 0, 0, 0, 1, 0, 1.49041, 0)
stream = ExtResource("27_enb65")
volume_db = -10.0
max_db = 0.0
pitch_scale = 0.64
bus = &"Characters"
attenuation_filter_db = 0.0

[node name="Special 2" type="AudioStreamPlayer3D" parent="SFX"]
transform = Transform3D(1, 0, 0, 0, 1, 0, 0, 0, 1, 0, 1.49041, 0)
stream = ExtResource("28_toeio")
volume_db = -10.0
max_db = 0.0
pitch_scale = 0.64
bus = &"Characters"
attenuation_filter_db = 0.0

[node name="Special 3" type="AudioStreamPlayer3D" parent="SFX"]
transform = Transform3D(1, 0, 0, 0, 1, 0, 0, 0, 1, 0, 1.49041, 0)
stream = ExtResource("29_qgxy0")
volume_db = -10.0
max_db = 0.0
pitch_scale = 0.64
bus = &"Characters"
attenuation_filter_db = 0.0

[editable path="Model"]
[editable path="Model/Armature/GeneralSkeleton/BoneAttachment3D/Hand Gun"]
[editable path="Model/Armature/GeneralSkeleton/Hitboxes"]
[editable path="Model/Armature/GeneralSkeleton/Fists"]
[editable path="SFX/Common"]
