[gd_scene load_steps=12 format=3 uid="uid://cqjr87ej8gq1o"]

[ext_resource type="ArrayMesh" uid="uid://be72q3c4piudx" path="res://Models/Characters/Slash/Skins/Mesh.res" id="1_x0qe4"]
[ext_resource type="Material" uid="uid://dr5p6ihp8cjl3" path="res://Materials/Characters/Slash/Skins/Default/da8223a0.tres" id="2_j6xmm"]
[ext_resource type="Material" uid="uid://dfw6dl27kdifu" path="res://Materials/Characters/Slash/Skins/Default/22d056e4.tres" id="3_n6pfc"]
[ext_resource type="Material" uid="uid://b5vwultfenphc" path="res://Materials/Characters/Slash/Skins/Default/1fcbbb75.tres" id="4_8ler0"]
[ext_resource type="Material" uid="uid://wqq717fny8k2" path="res://Materials/Characters/Slash/Skins/Default/f589e076.tres" id="5_ev6m8"]
[ext_resource type="Material" uid="uid://dfqebvyo686ca" path="res://Materials/Characters/Slash/Skins/Default/9f3c5156.tres" id="6_he7kj"]
[ext_resource type="Material" uid="uid://dsmd20yq0nijh" path="res://Materials/Characters/Slash/Skins/Default/35c3bfba.tres" id="7_nuy2t"]
[ext_resource type="Material" uid="uid://cnsvi41jcdkpn" path="res://Materials/Characters/Slash/Skins/Default/5eccf1e4.tres" id="8_1umft"]
[ext_resource type="Script" uid="uid://dw4b5ugmdg2tk" path="res://Scripts/Characters/AnimatedTexturesMesh.gd" id="9_n6pfc"]
[ext_resource type="Texture2D" uid="uid://7qqne0hf68hg" path="res://Textures/Characters/Slash/Skins/Default/Masks/blink.png" id="10_8ler0"]

[sub_resource type="Skin" id="Skin_8s7c2"]
resource_name = "Skin"
bind_count = 34
bind/0/name = &"ElbowIK.L"
bind/0/bone = -1
bind/0/pose = Transform3D(-0.0105703, -0.999944, 0, 0, 0, -1, 0.999944, -0.0105703, 0, 1.17134, -0.692334, -0.373724)
bind/1/name = &"KneeIK.L"
bind/1/bone = -1
bind/1/pose = Transform3D(1, 1.50996e-07, 0, 0, 0, 1, 1.50996e-07, -1, 0, -0.0761895, -0.906698, 0.377121)
bind/2/name = &"FootIK.L"
bind/2/bone = -1
bind/2/pose = Transform3D(1, 5.97537e-07, 3.93117e-07, -1.98952e-13, -0.549617, 0.835417, 7.15256e-07, -0.835416, -0.549617, -0.0761895, 0.042591, -0.0470525)
bind/3/name = &"HeadTarget"
bind/3/bone = -1
bind/3/pose = Transform3D(1, -3.89414e-07, 0, 0, 0, 1, -3.89414e-07, -1, 0, 5.05378e-07, -0.260859, 1.29779)
bind/4/name = &"Spine0"
bind/4/bone = -1
bind/4/pose = Transform3D(1, 0, 0, 0, 1, 0, 0, 0, 1, -2.20996e-16, -0.713507, 0.0745371)
bind/5/name = &"Spine1"
bind/5/bone = -1
bind/5/pose = Transform3D(1, -7.25157e-08, 2.27123e-07, -7.10543e-15, 0.952623, 0.304153, -2.38419e-07, -0.304153, 0.952623, 6.86696e-08, -0.657033, 0.288021)
bind/6/name = &"Spine2"
bind/6/bone = -1
bind/6/pose = Transform3D(1, -1.31213e-08, 2.38057e-07, 3.55271e-15, 0.998484, 0.0550345, -2.38419e-07, -0.0550345, 0.998484, 1.73365e-08, -0.866176, 0.0727144)
bind/7/name = &"Hip.L"
bind/7/bone = -1
bind/7/pose = Transform3D(1, -4.75565e-09, 2.38371e-07, 9.96026e-11, -0.999793, -0.0203645, 2.38419e-07, 0.0203646, -0.999793, -0.0761895, 0.726803, -0.0560169)
bind/8/name = &"Shin.L"
bind/8/bone = -1
bind/8/pose = Transform3D(1, -7.93947e-09, 2.38286e-07, -6.03962e-14, -0.999445, -0.0333004, 2.38419e-07, 0.0333005, -0.999446, -0.0761895, 0.375302, -0.0608786)
bind/9/name = &"Foot.L"
bind/9/bone = -1
bind/9/pose = Transform3D(1, 5.97537e-07, 3.93117e-07, -3.12639e-13, -0.549617, 0.835417, 7.15256e-07, -0.835417, -0.549617, -0.0761895, 0.042591, -0.0470525)
bind/10/name = &"Hip.R"
bind/10/bone = -1
bind/10/pose = Transform3D(1, 4.95493e-09, -2.38367e-07, 9.96541e-11, -0.999793, -0.0203645, -2.38419e-07, 0.0203646, -0.999793, 0.0761895, 0.726803, -0.0560169)
bind/11/name = &"Shin.R"
bind/11/bone = -1
bind/11/pose = Transform3D(1, 7.93947e-09, -2.38286e-07, 8.88179e-16, -0.999445, -0.0333004, -2.38418e-07, 0.0333005, -0.999446, 0.0761895, 0.375302, -0.0608786)
bind/12/name = &"Foot.R"
bind/12/bone = -1
bind/12/pose = Transform3D(1, -5.97537e-07, -3.93117e-07, -2.84217e-14, -0.549617, 0.835417, -7.15256e-07, -0.835417, -0.549617, 0.0761895, 0.042591, -0.0470525)
bind/13/name = &"CoreIK"
bind/13/bone = -1
bind/13/pose = Transform3D(1, 2.38419e-07, 0, -2.84217e-14, 1.19209e-07, -1, -2.38419e-07, 1, 0, -2.37192e-07, -0.0179904, -0.994856)
bind/14/name = &"Spine3"
bind/14/bone = -1
bind/14/pose = Transform3D(1, 3.04036e-08, 2.36472e-07, -2.13163e-14, 0.991836, -0.127522, -2.38419e-07, 0.127522, 0.991836, -2.5993e-08, -0.989027, -0.109023)
bind/15/name = &"Neck"
bind/15/bone = -1
bind/15/pose = Transform3D(1, -3.55271e-15, 2.38419e-07, -3.31402e-14, 1, -1.04308e-07, -2.38419e-07, -1.49012e-08, 1, 9.2562e-09, -1.20715, 0.0388233)
bind/16/name = &"Head"
bind/16/bone = -1
bind/16/pose = Transform3D(1, -3.89414e-07, -2.76696e-21, 1.88297e-14, -1.34111e-07, 1, -3.89414e-07, -1, -7.10543e-15, 5.05378e-07, 0.0388235, 1.29779)
bind/17/name = &"Shoulder.L"
bind/17/bone = -1
bind/17/pose = Transform3D(-1.65084e-08, -1, 7.45058e-08, 1, -1.65086e-08, -1.28399e-07, 1.28399e-07, -5.96047e-08, 1, 1.1702, -0.0416225, 0.0358472)
bind/18/name = &"Bicep.L"
bind/18/bone = -1
bind/18/pose = Transform3D(-0.0105701, -0.999944, -1.45781e-07, 0.999777, -0.0105683, -0.0182623, 0.0182613, -0.000193315, 0.999833, 1.17134, -0.102796, 0.0339759)
bind/19/name = &"Tricep.L"
bind/19/bone = -1
bind/19/pose = Transform3D(-0.00473937, -0.999989, 6.37694e-07, 0.999779, -0.00473836, 0.0204694, -0.0204692, 9.75156e-05, 0.999791, 1.16914, -0.379633, 0.0485879)
bind/20/name = &"Hand.L"
bind/20/bone = -1
bind/20/pose = Transform3D(-1.90537e-10, -1, -1.11659e-06, 1, -2.41696e-10, -1.86265e-09, -1.86265e-09, -1.25067e-06, 1, 1.16618, -0.628356, 0.0358486)
bind/21/name = &"ShoulderFIK.L"
bind/21/bone = -1
bind/21/pose = Transform3D(1, 5.47722e-16, -2.38419e-07, 1.35718e-07, 1, -1.3411e-07, 2.38419e-07, 1.30587e-22, 1, -0.114534, -1.1702, 0.0358472)
bind/22/name = &"HandIK.L"
bind/22/bone = -1
bind/22/pose = Transform3D(4.93483e-08, -1, 4.87129e-05, 1, 2.38419e-07, -2.63279e-12, -2.43991e-12, 4.85788e-05, 1, 1.16618, -0.628357, 0.0357905)
bind/23/name = &"Shoulder.R"
bind/23/bone = -1
bind/23/pose = Transform3D(-1.633e-08, 1, -5.96047e-08, -1, -1.633e-08, -1.27011e-07, -1.27011e-07, -7.45058e-08, 1, -1.1702, -0.0416225, 0.0358473)
bind/24/name = &"Bicep.R"
bind/24/bone = -1
bind/24/pose = Transform3D(-0.0105701, 0.999944, 1.45708e-07, -0.999777, -0.0105683, -0.0182623, -0.0182613, -0.000193315, 0.999833, -1.17134, -0.102796, 0.0339759)
bind/25/name = &"Tricep.R"
bind/25/bone = -1
bind/25/pose = Transform3D(-0.00473937, 0.999989, -6.3773e-07, -0.999779, -0.00473836, 0.0204694, 0.0204692, 9.75155e-05, 0.999791, -1.16914, -0.379633, 0.0485879)
bind/26/name = &"Hand.R"
bind/26/bone = -1
bind/26/pose = Transform3D(-1.90537e-10, 1, 1.11659e-06, -1, 2.24188e-10, 1.86265e-09, 1.86265e-09, -1.25072e-06, 1, -1.16618, -0.628356, 0.0358486)
bind/27/name = &"ShoulderFIK.R"
bind/27/bone = -1
bind/27/pose = Transform3D(1, -5.81265e-16, 2.38419e-07, -1.35539e-07, 1, -1.3411e-07, -2.38419e-07, 1.38584e-22, 1, 0.114534, -1.1702, 0.0358472)
bind/28/name = &"HandIK.R"
bind/28/bone = -1
bind/28/pose = Transform3D(-1.2162e-08, 1, -4.87129e-05, -1, 1.19209e-07, 9.04789e-14, -6.05025e-13, 4.85788e-05, 1, -1.16618, -0.628356, 0.0357905)
bind/29/name = &"Boob.L"
bind/29/bone = -1
bind/29/pose = Transform3D(-0.657809, 0.368237, 0.657031, 0.29648, -0.675314, 0.675315, 0.692378, 0.639024, 0.335053, -0.400902, 0.749225, -0.767419)
bind/30/name = &"Boob.R"
bind/30/bone = -1
bind/30/pose = Transform3D(-0.657809, -0.368237, -0.657031, -0.29648, -0.675315, 0.675315, -0.692378, 0.639024, 0.335053, 0.400902, 0.749225, -0.767419)
bind/31/name = &"ElbowIK.R"
bind/31/bone = -1
bind/31/pose = Transform3D(-0.0105703, 0.999944, 0, 0, 0, -1, -0.999944, -0.0105703, 0, -1.17134, -0.692334, -0.373724)
bind/32/name = &"KneeIK.R"
bind/32/bone = -1
bind/32/pose = Transform3D(1, -1.50996e-07, 0, 0, 0, 1, -1.50996e-07, -1, 0, 0.0761895, -0.906698, 0.377121)
bind/33/name = &"FootIK.R"
bind/33/bone = -1
bind/33/pose = Transform3D(1, -5.97537e-07, -3.93117e-07, 1.98952e-13, -0.549617, 0.835417, -7.15256e-07, -0.835416, -0.549617, 0.0761895, 0.042591, -0.0470525)

[node name="Default" type="MeshInstance3D"]
layers = 4
mesh = ExtResource("1_x0qe4")
skin = SubResource("Skin_8s7c2")
skeleton = NodePath("../Skeleton3D")
surface_material_override/0 = ExtResource("2_j6xmm")
surface_material_override/1 = ExtResource("3_n6pfc")
surface_material_override/2 = ExtResource("4_8ler0")
surface_material_override/3 = ExtResource("5_ev6m8")
surface_material_override/4 = ExtResource("6_he7kj")
surface_material_override/5 = ExtResource("7_nuy2t")
surface_material_override/6 = ExtResource("8_1umft")
script = ExtResource("9_n6pfc")
face_surface = 3
blink_mask = ExtResource("10_8ler0")
