[gd_scene load_steps=46 format=3 uid="uid://5u7f4jbopy8y"]

[ext_resource type="Script" uid="uid://b67p4er5pdntl" path="res://Scripts/Characters/CharacterController.gd" id="1_75d35"]
[ext_resource type="PackedScene" uid="uid://bbheqlt3nwi5n" path="res://Models/Characters/Hound/Hound.glb" id="1_uct5m"]
[ext_resource type="Texture2D" uid="uid://d36umvhynl24b" path="res://Textures/Characters/Hound/Cards/fe55ea25.png" id="2_68nn1"]
[ext_resource type="AnimationLibrary" uid="uid://vfmegwigbpp6" path="res://Animations/Libraries/Lower Body.res" id="2_h5hc6"]
[ext_resource type="Texture2D" uid="uid://dnp7n1v6ncxpw" path="res://Textures/Characters/Hound/Cards/2e5f5417.png" id="3_lcsv2"]
[ext_resource type="AnimationLibrary" uid="uid://dnhupqy51bnxj" path="res://Animations/Libraries/Upper Body.res" id="4_5qgjw"]
[ext_resource type="PackedScene" uid="uid://ca42hevpjgitj" path="res://Prefabs/Weapons/MotoGun/MotoGun.tscn" id="4_atjvi"]
[ext_resource type="PackedScene" uid="uid://cbljabamec4yv" path="res://Prefabs/Characters/Common/GameplayAnimationTreeV2.tscn" id="4_h1yqc"]
[ext_resource type="Script" uid="uid://bosu3x1t1to4" path="res://Scripts/Characters/CharacterSFXController.gd" id="4_stcy1"]
[ext_resource type="PackedScene" uid="uid://cnwwwjk7llw03" path="res://Prefabs/Characters/Common/TauntAnimationTree.tscn" id="5_11ge4"]
[ext_resource type="AudioStream" uid="uid://cp6a3rheknba1" path="res://Sound/Characters/Hound/Taunts/Entrance.wav" id="5_75d35"]
[ext_resource type="AudioStream" uid="uid://ciqdealm8lwi7" path="res://Sound/Characters/Hound/Taunts/Win.wav" id="6_stcy1"]
[ext_resource type="AudioStream" uid="uid://dgar85868g1kl" path="res://Sound/Characters/Hound/Taunts/Lose.wav" id="7_stcy1"]
[ext_resource type="PackedScene" uid="uid://blgqvbxjfjr68" path="res://Prefabs/Characters/Common/SFX/Common.tscn" id="8_lcsv2"]
[ext_resource type="PackedScene" uid="uid://7xmuvkjde0ri" path="res://Models/Weapons/Moto Gun.glb" id="9_kgubi"]
[ext_resource type="AudioStream" uid="uid://ce2bdrrr0kqnq" path="res://Sound/Characters/Hound/Damage/Death.wav" id="9_stcy1"]
[ext_resource type="AudioStream" uid="uid://bm3tfn88lx36t" path="res://Sound/Characters/Hound/Damage/Hit 1.wav" id="10_75d35"]
[ext_resource type="AnimationLibrary" uid="uid://8yhy4ywiskgx" path="res://Animations/Characters/Hound/Taunts.res" id="11_jcis8"]
[ext_resource type="AudioStream" uid="uid://dppdoj7lspbgl" path="res://Sound/Characters/Hound/Damage/Hit 2.wav" id="11_p1tty"]
[ext_resource type="AudioStream" uid="uid://cnokd1dyit5dc" path="res://Sound/Characters/Hound/Damage/Hit 3.wav" id="12_68nn1"]
[ext_resource type="PackedScene" uid="uid://bmuljmi6fxn4h" path="res://Prefabs/Characters/Common/Hitboxes.tscn" id="12_kgubi"]
[ext_resource type="PackedScene" uid="uid://bexuiaqh7fwn0" path="res://Prefabs/Characters/Common/Fists.tscn" id="13_atjvi"]
[ext_resource type="AudioStream" uid="uid://dh6xkhq5lpgyb" path="res://Sound/Characters/Hound/Pickup/Pickup 1.wav" id="13_stcy1"]
[ext_resource type="AudioStream" uid="uid://bteb0rquuhb21" path="res://Sound/Characters/Hound/Pickup/Pickup 2.wav" id="14_75d35"]
[ext_resource type="AudioStream" uid="uid://qoe8sdn6vmhp" path="res://Sound/Characters/Hound/Pickup/Pickup 3.wav" id="15_p1tty"]
[ext_resource type="AudioStream" uid="uid://cpr78u08q0ult" path="res://Sound/Characters/Hound/Attack/Attack 1.wav" id="16_stcy1"]
[ext_resource type="AudioStream" uid="uid://qepv4xo7cxo7" path="res://Sound/Characters/Hound/Attack/Attack 2.wav" id="17_75d35"]
[ext_resource type="AudioStream" uid="uid://cjcldo41sithq" path="res://Sound/Characters/Hound/Attack/Attack 3.wav" id="18_p1tty"]
[ext_resource type="AudioStream" uid="uid://bh5ws3ip6ahlg" path="res://Sound/Characters/Hound/Specials/Special 1.wav" id="19_stcy1"]
[ext_resource type="AudioStream" uid="uid://b2dg6upfihhyl" path="res://Sound/Characters/Hound/Specials/Special 2.wav" id="20_75d35"]
[ext_resource type="AudioStream" uid="uid://b530ydw3ojk4a" path="res://Sound/Characters/Hound/Specials/Special 3.wav" id="21_p1tty"]

[sub_resource type="CapsuleShape3D" id="CapsuleShape3D_atjvi"]
radius = 0.18310547
height = 0.7803933

[sub_resource type="CapsuleShape3D" id="CapsuleShape3D_h1yqc"]
radius = 0.12939453
height = 0.44323328

[sub_resource type="CapsuleShape3D" id="CapsuleShape3D_vyrir"]
radius = 0.11767578
height = 0.7087322

[sub_resource type="CapsuleShape3D" id="CapsuleShape3D_nu4w7"]
radius = 0.105061
height = 0.39407548

[sub_resource type="CapsuleShape3D" id="CapsuleShape3D_yuu1e"]
radius = 0.11279297
height = 0.44538853

[sub_resource type="CapsuleShape3D" id="CapsuleShape3D_s247j"]
radius = 0.095214844
height = 0.39289224

[sub_resource type="SphereShape3D" id="SphereShape3D_opawo"]
radius = 0.11418655

[sub_resource type="CapsuleShape3D" id="CapsuleShape3D_xrq4a"]
radius = 0.11279297
height = 0.531288

[sub_resource type="CapsuleShape3D" id="CapsuleShape3D_ddimd"]
radius = 0.095214844
height = 0.39289224

[sub_resource type="Animation" id="Animation_vdsfc"]
length = 0.001
tracks/0/type = "value"
tracks/0/imported = false
tracks/0/enabled = true
tracks/0/path = NodePath("../../SFX/Death:playing")
tracks/0/interp = 1
tracks/0/loop_wrap = true
tracks/0/keys = {
"times": PackedFloat32Array(0),
"transitions": PackedFloat32Array(1),
"update": 1,
"values": [false]
}
tracks/1/type = "value"
tracks/1/imported = false
tracks/1/enabled = true
tracks/1/path = NodePath("../../SFX/Taunts/Entrance:playing")
tracks/1/interp = 1
tracks/1/loop_wrap = true
tracks/1/keys = {
"times": PackedFloat32Array(0),
"transitions": PackedFloat32Array(1),
"update": 1,
"values": [false]
}
tracks/2/type = "value"
tracks/2/imported = false
tracks/2/enabled = true
tracks/2/path = NodePath("%GeneralSkeleton/Right Hand Slot/Offset/Select Moto Gun:visible")
tracks/2/interp = 1
tracks/2/loop_wrap = true
tracks/2/keys = {
"times": PackedFloat32Array(0),
"transitions": PackedFloat32Array(1),
"update": 0,
"values": [false]
}

[sub_resource type="AnimationLibrary" id="AnimationLibrary_jcis8"]
_data = {
&"RESET": SubResource("Animation_vdsfc")
}

[sub_resource type="AudioStreamRandomizer" id="AudioStreamRandomizer_lcsv2"]
streams_count = 3
stream_0/stream = ExtResource("10_75d35")
stream_1/stream = ExtResource("11_p1tty")
stream_2/stream = ExtResource("12_68nn1")

[sub_resource type="AudioStreamRandomizer" id="AudioStreamRandomizer_0yp2h"]
streams_count = 3
stream_0/stream = ExtResource("13_stcy1")
stream_1/stream = ExtResource("14_75d35")
stream_2/stream = ExtResource("15_p1tty")

[sub_resource type="AudioStreamRandomizer" id="AudioStreamRandomizer_68nn1"]
streams_count = 3
stream_0/stream = ExtResource("16_stcy1")
stream_1/stream = ExtResource("17_75d35")
stream_2/stream = ExtResource("18_p1tty")

[node name="Hound" type="Node3D" node_paths=PackedStringArray("skins", "hitboxes", "fists", "sfx_controller", "body_slot", "right_hand_slot", "round_pivot_offset", "camera_pivot_offset")]
script = ExtResource("1_75d35")
character = 4
avatar_big = ExtResource("2_68nn1")
avatar_small = ExtResource("3_lcsv2")
skins = [NodePath("Model/Armature/GeneralSkeleton/object_3_001")]
is_v2 = true
stat_speed = 2
stat_power = 2
stat_vitality = 2
hitboxes = [NodePath("Model/Armature/GeneralSkeleton/Hitboxes/Head/Area3D"), NodePath("Model/Armature/GeneralSkeleton/Hitboxes/Torso/Area3D"), NodePath("Model/Armature/GeneralSkeleton/Hitboxes/HipL/Area3D"), NodePath("Model/Armature/GeneralSkeleton/Hitboxes/ShinL/Area3D"), NodePath("Model/Armature/GeneralSkeleton/Hitboxes/FootL/Area3D"), NodePath("Model/Armature/GeneralSkeleton/Hitboxes/HipR/Area3D"), NodePath("Model/Armature/GeneralSkeleton/Hitboxes/ShinR/Area3D"), NodePath("Model/Armature/GeneralSkeleton/Hitboxes/FootR/Area3D"), NodePath("Model/Armature/GeneralSkeleton/Hitboxes/BicepL/Area3D"), NodePath("Model/Armature/GeneralSkeleton/Hitboxes/TricepL/Area3D"), NodePath("Model/Armature/GeneralSkeleton/Hitboxes/HandL/Area3D"), NodePath("Model/Armature/GeneralSkeleton/Hitboxes/BicepR/Area3D"), NodePath("Model/Armature/GeneralSkeleton/Hitboxes/TricepR/Area3D"), NodePath("Model/Armature/GeneralSkeleton/Hitboxes/HandR/Area3D")]
fists = [NodePath("Model/Armature/GeneralSkeleton/Fists/HandL/Fist"), NodePath("Model/Armature/GeneralSkeleton/Fists/HandR/Fist")]
sfx_controller = NodePath("SFX")
animation_tree_reference = ExtResource("4_h1yqc")
gameplay_animation_tree = ExtResource("4_h1yqc")
taunt_animation_tree = ExtResource("5_11ge4")
body_slot = NodePath("Model/Armature/GeneralSkeleton/Body Slot")
right_hand_slot = NodePath("Model/Armature/GeneralSkeleton/Right Hand Slot")
initial_loadout = ExtResource("4_atjvi")
round_pivot_offset = NodePath("RoundPivotOffset")
camera_pivot_offset = NodePath("CameraPivotOffset")

[node name="Model" parent="." instance=ExtResource("1_uct5m")]
transform = Transform3D(-1, 0, -8.742278e-08, 0, 1, 0, 8.742278e-08, 0, -1, 0, 0, 0)

[node name="GeneralSkeleton" parent="Model/Armature" index="0"]
bones/0/position = Vector3(0.85898083, 1.5809287, -0.75531775)
bones/0/rotation = Quaternion(-0.4973504, 0.50263566, -0.50263566, 0.4973504)
bones/1/position = Vector3(0.41218215, 0.5048661, 0.82411444)
bones/1/rotation = Quaternion(0.70710677, 5.3385083e-08, 5.3385083e-08, 0.70710677)
bones/2/position = Vector3(0.26327416, 0.12473998, 0.16422367)
bones/2/rotation = Quaternion(0.87769055, -0.0360352, 0.06684247, 0.4731732)
bones/3/position = Vector3(-0.025792222, 1.6103811, 0.7721202)
bones/3/rotation = Quaternion(0.70710677, -1.3767877e-07, -1.3767877e-07, 0.70710677)
bones/4/position = Vector3(0.009556507, 1.0017303, -0.09650185)
bones/4/rotation = Quaternion(0.015030837, -0.26293942, -0.0039672744, 0.9646871)
bones/5/rotation = Quaternion(0.10244587, -0.009834376, -0.009410609, 0.9946455)
bones/6/rotation = Quaternion(0.081008755, -0.005741078, -0.0047653653, 0.99668556)
bones/7/rotation = Quaternion(-0.4342528, 0.10537188, 0.13187793, 0.8848331)
bones/8/rotation = Quaternion(0.91891056, 0.013088479, -0.008155606, -0.39416438)
bones/9/rotation = Quaternion(-0.06555115, 0.6658398, -0.73975015, 0.07162459)
bones/10/rotation = Quaternion(-0.2932777, -0.09010538, -0.06692356, 0.9494159)
bones/11/rotation = Quaternion(0.89091766, -0.010427648, 0.0027915298, -0.45403665)
bones/12/rotation = Quaternion(0.055928558, 0.5020822, -0.86079746, -0.0617522)
bones/13/position = Vector3(0.004639078, 0.28330544, 0.13703847)
bones/13/rotation = Quaternion(0.20816702, -0.020855334, -0.019227352, 0.9776819)
bones/14/position = Vector3(0.004639078, 0.28330544, 0.13703847)
bones/14/rotation = Quaternion(0.20816702, -0.020855334, -0.019227352, 0.9776819)
bones/15/rotation = Quaternion(-0.020451697, 0.018223708, 0.021195099, 0.9994)
bones/16/rotation = Quaternion(-0.061024696, 0.11634314, -0.004658592, 0.9913216)
bones/17/position = Vector3(0.045409076, 0.1912938, -0.019481458)
bones/17/rotation = Quaternion(0.412695, 0.5467563, 0.62369484, -0.37649077)
bones/18/rotation = Quaternion(-0.15720846, -0.5748528, -0.2308825, 0.7691054)
bones/19/rotation = Quaternion(1.169741e-06, -1.7583368e-06, -0.78115386, 0.6243386)
bones/20/rotation = Quaternion(0.24317384, 0.9652695, 0.0040386766, -0.0954196)
bones/21/rotation = Quaternion(0.49999997, 0.5000002, 0.50000006, 0.49999985)
bones/22/position = Vector3(0.25848645, -0.2942824, 0.2785393)
bones/22/rotation = Quaternion(0.22145472, -0.63534343, -0.7302242, 0.11861348)
bones/23/position = Vector3(-0.045409065, 0.19129387, -0.019481422)
bones/23/rotation = Quaternion(0.43702888, -0.55323154, -0.50668526, -0.49619624)
bones/24/rotation = Quaternion(-0.38204738, 0.38188812, 0.3882247, 0.74664783)
bones/25/rotation = Quaternion(9.462236e-07, 6.5565104e-07, 0.84294754, 0.5379959)
bones/26/rotation = Quaternion(-0.1303077, 0.9809723, -0.14243497, -0.02062996)
bones/27/rotation = Quaternion(-0.50000006, 0.5000002, 0.5, -0.49999988)
bones/28/position = Vector3(-0.13001972, -0.22127867, 0.1355887)
bones/28/rotation = Quaternion(0.2691233, 0.63617015, 0.7130613, -0.12001619)
bones/29/rotation = Quaternion(0.41305315, 0.40231866, 0.81672794, 0.021964476)
bones/31/position = Vector3(-0.13330114, 1.250619, -0.7389869)
bones/31/rotation = Quaternion(0.4973504, 0.50263566, -0.50263566, -0.4973504)
bones/32/position = Vector3(-0.77765054, 0.8180187, 0.5094253)
bones/32/rotation = Quaternion(0.70710677, -5.3385083e-08, -5.3385083e-08, 0.70710677)
bones/33/position = Vector3(-0.2178287, 0.12473999, -0.25756577)
bones/33/rotation = Quaternion(0.86305946, -0.09327893, 0.17302282, 0.4652854)

[node name="object_3_001" parent="Model/Armature/GeneralSkeleton" index="0"]
layers = 4

[node name="Hitboxes" parent="Model/Armature/GeneralSkeleton" index="1" instance=ExtResource("12_kgubi")]

[node name="Head" parent="Model/Armature/GeneralSkeleton/Hitboxes" index="0"]
transform = Transform3D(0.9151555, -0.31717736, -0.24877444, 0.09090156, 0.7636387, -0.63921285, 0.39271754, 0.56236523, 0.7276801, -0.28864047, 1.7331382, 0.47550806)

[node name="CollisionShape3D" parent="Model/Armature/GeneralSkeleton/Hitboxes/Head/Area3D" index="0"]
transform = Transform3D(1, 0, 0, 0, 1, 0, 0, 0, 1, 0, 0, 0)

[node name="Torso" parent="Model/Armature/GeneralSkeleton/Hitboxes" index="1"]
transform = Transform3D(0.84777087, -0.16408777, -0.50434095, -0.049342014, 0.9224094, -0.38304815, 0.5280625, 0.34962222, 0.77389556, -0.040277228, 1.171312, -0.0031015947)

[node name="CollisionShape3D" parent="Model/Armature/GeneralSkeleton/Hitboxes/Torso/Area3D" index="0"]
transform = Transform3D(1, 0, 0, 0, 1, 9.536747e-08, 0, -9.536747e-08, 1, 1.1641532e-09, 0.15814096, -1.6478486e-08)
shape = SubResource("CapsuleShape3D_atjvi")

[node name="HipL" parent="Model/Armature/GeneralSkeleton/Hitboxes" index="2"]
transform = Transform3D(0.9462394, 0.052066118, -0.3192493, 0.17240754, 0.75390255, 0.63396096, 0.2736908, -0.65491986, 0.7043958, 0.06943818, 1.0061649, -0.005932063)

[node name="CollisionShape3D" parent="Model/Armature/GeneralSkeleton/Hitboxes/HipL/Area3D" index="0"]
transform = Transform3D(1, -2.3841817e-09, -2.3841897e-09, 2.3841857e-09, 1, 1.6784692e-06, 2.3841857e-09, -1.6784692e-06, 1, -2.9886649e-09, -0.3089637, 5.1625767e-07)
shape = SubResource("CapsuleShape3D_h1yqc")

[node name="ShinL" parent="Model/Armature/GeneralSkeleton/Hitboxes" index="3"]
transform = Transform3D(0.94886756, 0.21214125, 0.23376586, 0.19234626, -0.97572356, 0.10472044, 0.2503064, -0.054401875, -0.96663713, 0.048872914, 0.66005456, 0.28319606)
bone_name = "LeftLowerLeg"

[node name="CollisionShape3D" parent="Model/Armature/GeneralSkeleton/Hitboxes/ShinL/Area3D" index="0"]
transform = Transform3D(1, 3.135205e-07, -6.747247e-07, -3.1352047e-07, 1, 3.8146972e-08, 6.747247e-07, -3.814676e-08, 1, 7.359241e-08, 0.2466113, -5.682134e-09)
shape = SubResource("CapsuleShape3D_vyrir")

[node name="FootL" parent="Model/Armature/GeneralSkeleton/Hitboxes" index="4"]
transform = Transform3D(-0.9716017, -0.2366218, 1.761876e-05, 1.8043313e-05, 3.7252903e-07, 0.9999999, -0.23662177, 0.9716019, 3.874302e-06, 0.15751071, 0.18028894, 0.240042)
bone_name = "LeftFoot"

[node name="CollisionShape3D" parent="Model/Armature/GeneralSkeleton/Hitboxes/FootL/Area3D" index="0"]
transform = Transform3D(1, -5.960441e-08, -2.8133397e-07, 5.9604645e-08, 1, 8.3923277e-07, 2.813339e-07, -8.3923277e-07, 1, 1.5409757e-08, 0.11792735, -0.086379275)
shape = SubResource("CapsuleShape3D_nu4w7")

[node name="HipR" parent="Model/Armature/GeneralSkeleton/Hitboxes" index="5"]
transform = Transform3D(0.72922564, 0.36085808, -0.5813875, -0.1562982, 0.9150211, 0.37189674, 0.6661838, -0.18032682, 0.7236583, -0.097840115, 1.0133774, -0.10827835)

[node name="CollisionShape3D" parent="Model/Armature/GeneralSkeleton/Hitboxes/HipR/Area3D" index="0"]
transform = Transform3D(1, 7.450581e-09, 8.940697e-08, -2.9802322e-08, 1, -8.940697e-08, 6.2584877e-07, 2.2351742e-08, 1, 5.9604645e-08, -0.08147991, 2.9802322e-08)
shape = SubResource("CapsuleShape3D_h1yqc")

[node name="ShinR" parent="Model/Armature/GeneralSkeleton/Hitboxes" index="6"]
transform = Transform3D(0.72404945, 0.24668802, 0.64412546, -0.17725436, -0.83594555, 0.5193999, 0.66658336, -0.49024525, -0.5615393, -0.25537553, 0.59695655, -0.033534653)
bone_name = "RightLowerLeg"

[node name="CollisionShape3D" parent="Model/Armature/GeneralSkeleton/Hitboxes/ShinR/Area3D" index="0"]
transform = Transform3D(1, 0, 0, 0, 1, 0, 0, 0, 1, 7.450581e-09, 0.24079823, -3.7252903e-09)
shape = SubResource("CapsuleShape3D_vyrir")

[node name="FootR" parent="Model/Armature/GeneralSkeleton/Hitboxes" index="7"]
transform = Transform3D(-0.69599587, -0.7179645, -0.010797441, 0.021170944, -0.035549432, 0.99914384, -0.7177334, 0.69517136, 0.039942265, -0.12276186, 0.19317207, -0.2849532)
bone_name = "RightFoot"

[node name="CollisionShape3D" parent="Model/Armature/GeneralSkeleton/Hitboxes/FootR/Area3D" index="0"]
transform = Transform3D(1, 1.2397778e-07, -2.8610263e-08, -1.2397778e-07, 1, -3.8146993e-08, 2.8610257e-08, 3.8146997e-08, 1, 1.6626384e-08, 0.122140706, -0.06813341)
shape = SubResource("CapsuleShape3D_nu4w7")

[node name="BicepL" parent="Model/Armature/GeneralSkeleton/Hitboxes" index="8"]
transform = Transform3D(-0.55037934, 0.16533643, 0.8183805, 0.48268735, -0.73677725, 0.47346848, 0.6812457, 0.6556089, 0.32570106, -0.13220969, 1.5660816, 0.45071062)

[node name="CollisionShape3D" parent="Model/Armature/GeneralSkeleton/Hitboxes/BicepL/Area3D" index="0"]
transform = Transform3D(1, 6.294243e-07, 6.484988e-07, -6.2942485e-07, 1, 9.15527e-07, -6.4849826e-07, -9.155274e-07, 1, 7.2324646e-08, 0.11490603, -1.0892491e-07)
shape = SubResource("CapsuleShape3D_yuu1e")

[node name="TricepL" parent="Model/Armature/GeneralSkeleton/Hitboxes" index="9"]
transform = Transform3D(-0.039965365, -0.573282, 0.8183829, 0.6122738, 0.633207, 0.4734656, -0.7896348, 0.51999664, 0.32569915, -0.07390477, 1.3035856, 0.6744224)

[node name="CollisionShape3D" parent="Model/Armature/GeneralSkeleton/Hitboxes/TricepL/Area3D" index="0"]
transform = Transform3D(1, -1.9073488e-08, -9.536735e-09, 1.9073488e-08, 1, 3.8146986e-08, 9.536734e-09, -3.8146986e-08, 1, -7.812945e-10, 0.08979045, -3.425235e-09)
shape = SubResource("CapsuleShape3D_s247j")

[node name="HandL" parent="Model/Armature/GeneralSkeleton/Hitboxes" index="10"]
transform = Transform3D(-0.08181533, -0.5558537, -0.8272441, -0.14378974, 0.82792604, -0.5420912, 0.9862202, 0.07459801, -0.1476631, -0.25422895, 1.5043643, 0.83113736)
bone_name = "LeftHand"

[node name="CollisionShape3D" parent="Model/Armature/GeneralSkeleton/Hitboxes/HandL/Area3D" index="0"]
transform = Transform3D(1, 0, 0, 0, 1, 0, 0, 0, 1, 1.8626451e-09, 0.14638667, 0)
shape = SubResource("SphereShape3D_opawo")

[node name="BicepR" parent="Model/Armature/GeneralSkeleton/Hitboxes" index="11"]
transform = Transform3D(0.08956733, -0.57299817, -0.81464744, -0.19986957, -0.81163675, 0.54890573, -0.97572, 0.11365931, -0.18722072, -0.3548441, 1.6288607, 0.3082045)

[node name="CollisionShape3D" parent="Model/Armature/GeneralSkeleton/Hitboxes/BicepR/Area3D" index="0"]
transform = Transform3D(1, 2.0861626e-07, 2.682209e-07, 0, 1.0000014, -1.6391277e-07, 0, -9.536743e-07, 0.9999998, -5.9604645e-08, 0.042949677, -5.9604645e-08)
shape = SubResource("CapsuleShape3D_xrq4a")

[node name="TricepR" parent="Model/Armature/GeneralSkeleton/Hitboxes" index="12"]
transform = Transform3D(-0.5574313, 0.16006179, -0.81464726, -0.6519884, 0.52308095, 0.5489052, 0.5139854, 0.8371177, -0.18722296, -0.5516358, 1.3417134, 0.34241033)

[node name="CollisionShape3D" parent="Model/Armature/GeneralSkeleton/Hitboxes/TricepR/Area3D" index="0"]
transform = Transform3D(1, 5.9604645e-08, 9.685755e-08, 0, 0.9999995, 2.9802322e-08, 2.9802322e-08, -5.9604645e-08, 1, 1.6421286e-08, 0.1505034, -8.970706e-09)
shape = SubResource("CapsuleShape3D_ddimd")

[node name="HandR" parent="Model/Armature/GeneralSkeleton/Hitboxes" index="13"]
transform = Transform3D(0.43483314, 0.51719123, 0.73717916, 0.5412294, 0.5041694, -0.6729662, -0.7197155, 0.691611, -0.060689867, -0.49693596, 1.5082753, 0.60058355)
bone_name = "RightHand"

[node name="CollisionShape3D" parent="Model/Armature/GeneralSkeleton/Hitboxes/HandR/Area3D" index="0"]
transform = Transform3D(1, 0, 0, 0, 1, 0, 0, 0, 1, 0, 0.16869704, 0)
shape = SubResource("SphereShape3D_opawo")

[node name="Fists" parent="Model/Armature/GeneralSkeleton" index="2" instance=ExtResource("13_atjvi")]

[node name="HandL" parent="Model/Armature/GeneralSkeleton/Fists" index="0"]
transform = Transform3D(-0.08181533, -0.5558537, -0.8272441, -0.14378974, 0.82792604, -0.5420912, 0.9862202, 0.07459801, -0.1476631, -0.25422895, 1.5043643, 0.83113736)
bone_name = "LeftHand"

[node name="CollisionShape3D" parent="Model/Armature/GeneralSkeleton/Fists/HandL/Fist" index="0"]
transform = Transform3D(1, 0, 0, 0, 1, 0, 0, 0, 1, 0, 0, 0)

[node name="HandR" parent="Model/Armature/GeneralSkeleton/Fists" index="1"]
transform = Transform3D(0.43483314, 0.51719123, 0.73717916, 0.5412294, 0.5041694, -0.6729662, -0.7197155, 0.691611, -0.060689867, -0.49693596, 1.5082753, 0.60058355)
bone_name = "RightHand"

[node name="CollisionShape3D" parent="Model/Armature/GeneralSkeleton/Fists/HandR/Fist" index="0"]
transform = Transform3D(1, 0, 0, 0, 1, 0, 0, 0, 1, 0, 0, 0)

[node name="Body Slot" type="BoneAttachment3D" parent="Model/Armature/GeneralSkeleton" index="3"]
transform = Transform3D(0.84368825, -0.18226494, -0.5049451, -0.0626727, 0.9007261, -0.42984274, 0.5331624, 0.39429957, 0.748509, -0.056054, 1.2811384, 0.032685645)
bone_name = "Spine"
bone_idx = 13

[node name="Offset" type="Node3D" parent="Model/Armature/GeneralSkeleton/Body Slot"]
transform = Transform3D(1, 0, 0, 0, 1, 0, 0, 0, 1, -1.4551915e-08, 0.049593996, -0.2178481)

[node name="Right Hand Slot" type="BoneAttachment3D" parent="Model/Armature/GeneralSkeleton" index="4"]
transform = Transform3D(0.43483314, 0.51719123, 0.73717916, 0.5412294, 0.5041694, -0.6729662, -0.7197155, 0.691611, -0.060689867, -0.49693596, 1.5082753, 0.60058355)
bone_name = "RightHand"
bone_idx = 26

[node name="Offset" type="Node3D" parent="Model/Armature/GeneralSkeleton/Right Hand Slot"]
transform = Transform3D(-4.371139e-08, 1, -4.371139e-08, 0, -4.371139e-08, -1, -1, -4.371139e-08, 1.9106855e-15, 0, 0.05617038, 1.9790605e-09)

[node name="Select Moto Gun" parent="Model/Armature/GeneralSkeleton/Right Hand Slot/Offset" instance=ExtResource("9_kgubi")]
transform = Transform3D(0.99999994, 0, 0, 0, 0.99999994, 0, 0, 0, 1.0000001, 0, 0, 0)
visible = false

[node name="Skeleton3D" parent="Model/Armature/GeneralSkeleton/Right Hand Slot/Offset/Select Moto Gun/Armature" index="0"]
bones/1/position = Vector3(0.00047248777, 0.008633311, -0.0172)
bones/2/position = Vector3(0, 0.01, 0.0015869918)

[node name="object_0" parent="Model/Armature/GeneralSkeleton/Right Hand Slot/Offset/Select Moto Gun/Armature/Skeleton3D" index="0"]
layers = 8

[node name="object_1" parent="Model/Armature/GeneralSkeleton/Right Hand Slot/Offset/Select Moto Gun/Armature/Skeleton3D" index="1"]
layers = 8

[node name="object_1_001" parent="Model/Armature/GeneralSkeleton/Right Hand Slot/Offset/Select Moto Gun/Armature/Skeleton3D" index="2"]
layers = 8

[node name="Offset" type="Node3D" parent="Model/Armature/GeneralSkeleton" index="5"]
transform = Transform3D(0, 4.371138e-08, 1, 1, 4.371139e-08, -1.9106855e-15, -4.371139e-08, 1, -4.371138e-08, -0.8607222, 1.600084, -0.046164747)

[node name="AnimationPlayer" type="AnimationPlayer" parent="Model"]
root_node = NodePath("../Armature")
libraries = {
&"": SubResource("AnimationLibrary_jcis8"),
&"Lower Body": ExtResource("2_h5hc6"),
&"Taunts": ExtResource("11_jcis8"),
&"Upper Body": ExtResource("4_5qgjw")
}

[node name="SFX" type="Node3D" parent="."]
process_mode = 3
script = ExtResource("4_stcy1")

[node name="Taunts" type="Node3D" parent="SFX"]

[node name="Entrance" type="AudioStreamPlayer3D" parent="SFX/Taunts"]
stream = ExtResource("5_75d35")
volume_db = -15.0
max_db = 0.0
bus = &"Characters"
attenuation_filter_db = 0.0

[node name="Win" type="AudioStreamPlayer3D" parent="SFX/Taunts"]
stream = ExtResource("6_stcy1")
volume_db = -15.0
max_db = 0.0
bus = &"Characters"
attenuation_filter_db = 0.0

[node name="Lose" type="AudioStreamPlayer3D" parent="SFX/Taunts"]
stream = ExtResource("7_stcy1")
volume_db = -15.0
max_db = 0.0
max_polyphony = 26
bus = &"Characters"
attenuation_filter_db = 0.0

[node name="Common" parent="SFX" instance=ExtResource("8_lcsv2")]

[node name="Death" type="AudioStreamPlayer3D" parent="SFX"]
transform = Transform3D(1, 0, 0, 0, 1, 0, 0, 0, 1, 0, 1.49041, 0)
stream = ExtResource("9_stcy1")
volume_db = -10.0
max_db = 0.0
pitch_scale = 0.64
bus = &"Characters"
attenuation_filter_db = 0.0

[node name="Hit" type="AudioStreamPlayer3D" parent="SFX"]
transform = Transform3D(1, 0, 0, 0, 1, 0, 0, 0, 1, 0, 1.49041, 0)
stream = SubResource("AudioStreamRandomizer_lcsv2")
volume_db = -10.0
max_db = 0.0
pitch_scale = 0.64
bus = &"Characters"
attenuation_filter_db = 0.0

[node name="Pickup" type="AudioStreamPlayer3D" parent="SFX"]
transform = Transform3D(1, 0, 0, 0, 1, 0, 0, 0, 1, 0, 1.49041, 0)
stream = SubResource("AudioStreamRandomizer_0yp2h")
volume_db = -10.0
max_db = 0.0
pitch_scale = 0.64
bus = &"Characters"
attenuation_filter_db = 0.0

[node name="Attack" type="AudioStreamPlayer3D" parent="SFX"]
transform = Transform3D(1, 0, 0, 0, 1, 0, 0, 0, 1, 0, 1.49041, 0)
stream = SubResource("AudioStreamRandomizer_68nn1")
volume_db = -10.0
max_db = 0.0
pitch_scale = 0.64
bus = &"Characters"
attenuation_filter_db = 0.0

[node name="Special 1" type="AudioStreamPlayer3D" parent="SFX"]
transform = Transform3D(1, 0, 0, 0, 1, 0, 0, 0, 1, 0, 1.49041, 0)
stream = ExtResource("19_stcy1")
volume_db = -10.0
max_db = 0.0
pitch_scale = 0.64
bus = &"Characters"
attenuation_filter_db = 0.0

[node name="Special 2" type="AudioStreamPlayer3D" parent="SFX"]
transform = Transform3D(1, 0, 0, 0, 1, 0, 0, 0, 1, 0, 1.49041, 0)
stream = ExtResource("20_75d35")
volume_db = -10.0
max_db = 0.0
pitch_scale = 0.64
bus = &"Characters"
attenuation_filter_db = 0.0

[node name="Special 3" type="AudioStreamPlayer3D" parent="SFX"]
transform = Transform3D(1, 0, 0, 0, 1, 0, 0, 0, 1, 0, 1.49041, 0)
stream = ExtResource("21_p1tty")
volume_db = -10.0
max_db = 0.0
pitch_scale = 0.64
bus = &"Characters"
attenuation_filter_db = 0.0

[node name="RoundPivotOffset" type="Marker3D" parent="."]
transform = Transform3D(1, 0, 0, 0, 1, 0, 0, 0, 1, 0, 0.15, -0.2)

[node name="CameraPivotOffset" type="Marker3D" parent="."]
transform = Transform3D(1, 0, 0, 0, 1, 0, 0, 0, 1, 0.5, 1.4, 0)

[editable path="Model"]
[editable path="Model/Armature/GeneralSkeleton/Hitboxes"]
[editable path="Model/Armature/GeneralSkeleton/Fists"]
[editable path="Model/Armature/GeneralSkeleton/Right Hand Slot/Offset/Select Moto Gun"]
[editable path="SFX/Common"]
