[gd_scene load_steps=44 format=3 uid="uid://5u7f4jbopy8y"]

[ext_resource type="Script" uid="uid://b67p4er5pdntl" path="res://Scripts/Characters/CharacterController.gd" id="1_75d35"]
[ext_resource type="PackedScene" uid="uid://bbheqlt3nwi5n" path="res://Models/Characters/Hound/Hound.glb" id="1_uct5m"]
[ext_resource type="Texture2D" uid="uid://d36umvhynl24b" path="res://Textures/Characters/Hound/Cards/fe55ea25.png" id="2_68nn1"]
[ext_resource type="AnimationLibrary" uid="uid://vfmegwigbpp6" path="res://Animations/Libraries/Lower Body.res" id="2_h5hc6"]
[ext_resource type="Texture2D" uid="uid://dnp7n1v6ncxpw" path="res://Textures/Characters/Hound/Cards/2e5f5417.png" id="3_lcsv2"]
[ext_resource type="AnimationLibrary" uid="uid://dnhupqy51bnxj" path="res://Animations/Libraries/Upper Body.res" id="4_5qgjw"]
[ext_resource type="PackedScene" uid="uid://ca42hevpjgitj" path="res://Prefabs/Weapons/MotoGun/MotoGun.tscn" id="4_atjvi"]
[ext_resource type="PackedScene" uid="uid://cbljabamec4yv" path="res://Prefabs/Characters/Common/GameplayAnimationTreeV2.tscn" id="4_h1yqc"]
[ext_resource type="Script" uid="uid://bosu3x1t1to4" path="res://Scripts/Characters/CharacterSFXController.gd" id="4_stcy1"]
[ext_resource type="AudioStream" uid="uid://cp6a3rheknba1" path="res://Sound/Characters/Hound/Taunts/Entrance.wav" id="5_75d35"]
[ext_resource type="AudioStream" uid="uid://ciqdealm8lwi7" path="res://Sound/Characters/Hound/Taunts/Win.wav" id="6_stcy1"]
[ext_resource type="AudioStream" uid="uid://dgar85868g1kl" path="res://Sound/Characters/Hound/Taunts/Lose.wav" id="7_stcy1"]
[ext_resource type="PackedScene" uid="uid://blgqvbxjfjr68" path="res://Prefabs/Characters/Common/SFX/Common.tscn" id="8_lcsv2"]
[ext_resource type="AudioStream" uid="uid://ce2bdrrr0kqnq" path="res://Sound/Characters/Hound/Damage/Death.wav" id="9_stcy1"]
[ext_resource type="AudioStream" uid="uid://bm3tfn88lx36t" path="res://Sound/Characters/Hound/Damage/Hit 1.wav" id="10_75d35"]
[ext_resource type="AudioStream" uid="uid://dppdoj7lspbgl" path="res://Sound/Characters/Hound/Damage/Hit 2.wav" id="11_p1tty"]
[ext_resource type="AudioStream" uid="uid://cnokd1dyit5dc" path="res://Sound/Characters/Hound/Damage/Hit 3.wav" id="12_68nn1"]
[ext_resource type="PackedScene" uid="uid://bmuljmi6fxn4h" path="res://Prefabs/Characters/Common/Hitboxes.tscn" id="12_kgubi"]
[ext_resource type="PackedScene" uid="uid://bexuiaqh7fwn0" path="res://Prefabs/Characters/Common/Fists.tscn" id="13_atjvi"]
[ext_resource type="AudioStream" uid="uid://dh6xkhq5lpgyb" path="res://Sound/Characters/Hound/Pickup/Pickup 1.wav" id="13_stcy1"]
[ext_resource type="AudioStream" uid="uid://bteb0rquuhb21" path="res://Sound/Characters/Hound/Pickup/Pickup 2.wav" id="14_75d35"]
[ext_resource type="AudioStream" uid="uid://qoe8sdn6vmhp" path="res://Sound/Characters/Hound/Pickup/Pickup 3.wav" id="15_p1tty"]
[ext_resource type="AnimationLibrary" uid="uid://ctr3odfdjnyok" path="res://Animations/Libraries/Taunts.res" id="16_h1yqc"]
[ext_resource type="AudioStream" uid="uid://cpr78u08q0ult" path="res://Sound/Characters/Hound/Attack/Attack 1.wav" id="16_stcy1"]
[ext_resource type="AudioStream" uid="uid://qepv4xo7cxo7" path="res://Sound/Characters/Hound/Attack/Attack 2.wav" id="17_75d35"]
[ext_resource type="AudioStream" uid="uid://cjcldo41sithq" path="res://Sound/Characters/Hound/Attack/Attack 3.wav" id="18_p1tty"]
[ext_resource type="AudioStream" uid="uid://bh5ws3ip6ahlg" path="res://Sound/Characters/Hound/Specials/Special 1.wav" id="19_stcy1"]
[ext_resource type="AudioStream" uid="uid://b2dg6upfihhyl" path="res://Sound/Characters/Hound/Specials/Special 2.wav" id="20_75d35"]
[ext_resource type="AudioStream" uid="uid://b530ydw3ojk4a" path="res://Sound/Characters/Hound/Specials/Special 3.wav" id="21_p1tty"]

[sub_resource type="CapsuleShape3D" id="CapsuleShape3D_atjvi"]
radius = 0.18310547
height = 0.7803933

[sub_resource type="CapsuleShape3D" id="CapsuleShape3D_h1yqc"]
radius = 0.12939453
height = 0.44323328

[sub_resource type="CapsuleShape3D" id="CapsuleShape3D_vyrir"]
radius = 0.11767578
height = 0.7087322

[sub_resource type="CapsuleShape3D" id="CapsuleShape3D_nu4w7"]
radius = 0.105061
height = 0.39407548

[sub_resource type="CapsuleShape3D" id="CapsuleShape3D_yuu1e"]
radius = 0.11279297
height = 0.44538853

[sub_resource type="CapsuleShape3D" id="CapsuleShape3D_s247j"]
radius = 0.095214844
height = 0.39289224

[sub_resource type="SphereShape3D" id="SphereShape3D_opawo"]
radius = 0.11418655

[sub_resource type="CapsuleShape3D" id="CapsuleShape3D_xrq4a"]
radius = 0.11279297
height = 0.531288

[sub_resource type="CapsuleShape3D" id="CapsuleShape3D_ddimd"]
radius = 0.095214844
height = 0.39289224

[sub_resource type="Animation" id="Animation_vdsfc"]
length = 0.001
tracks/0/type = "value"
tracks/0/imported = false
tracks/0/enabled = true
tracks/0/path = NodePath("../../SFX/Death:playing")
tracks/0/interp = 1
tracks/0/loop_wrap = true
tracks/0/keys = {
"times": PackedFloat32Array(0),
"transitions": PackedFloat32Array(1),
"update": 1,
"values": [false]
}

[sub_resource type="AnimationLibrary" id="AnimationLibrary_jcis8"]
_data = {
&"RESET": SubResource("Animation_vdsfc")
}

[sub_resource type="AudioStreamRandomizer" id="AudioStreamRandomizer_lcsv2"]
streams_count = 3
stream_0/stream = ExtResource("10_75d35")
stream_1/stream = ExtResource("11_p1tty")
stream_2/stream = ExtResource("12_68nn1")

[sub_resource type="AudioStreamRandomizer" id="AudioStreamRandomizer_0yp2h"]
streams_count = 3
stream_0/stream = ExtResource("13_stcy1")
stream_1/stream = ExtResource("14_75d35")
stream_2/stream = ExtResource("15_p1tty")

[sub_resource type="AudioStreamRandomizer" id="AudioStreamRandomizer_68nn1"]
streams_count = 3
stream_0/stream = ExtResource("16_stcy1")
stream_1/stream = ExtResource("17_75d35")
stream_2/stream = ExtResource("18_p1tty")

[node name="Hound" type="Node3D" node_paths=PackedStringArray("skins", "hitboxes", "fists", "sfx_controller", "body_slot", "right_hand_slot", "round_pivot_offset", "camera_pivot_offset")]
script = ExtResource("1_75d35")
character = 4
avatar_big = ExtResource("2_68nn1")
avatar_small = ExtResource("3_lcsv2")
skins = [NodePath("Model/Armature/GeneralSkeleton/object_3_001")]
is_v2 = true
stat_speed = 2
stat_power = 2
stat_vitality = 2
hitboxes = [NodePath("Model/Armature/GeneralSkeleton/Hitboxes/Head/Area3D"), NodePath("Model/Armature/GeneralSkeleton/Hitboxes/Torso/Area3D"), NodePath("Model/Armature/GeneralSkeleton/Hitboxes/HipL/Area3D"), NodePath("Model/Armature/GeneralSkeleton/Hitboxes/ShinL/Area3D"), NodePath("Model/Armature/GeneralSkeleton/Hitboxes/FootL/Area3D"), NodePath("Model/Armature/GeneralSkeleton/Hitboxes/HipR/Area3D"), NodePath("Model/Armature/GeneralSkeleton/Hitboxes/ShinR/Area3D"), NodePath("Model/Armature/GeneralSkeleton/Hitboxes/FootR/Area3D"), NodePath("Model/Armature/GeneralSkeleton/Hitboxes/BicepL/Area3D"), NodePath("Model/Armature/GeneralSkeleton/Hitboxes/TricepL/Area3D"), NodePath("Model/Armature/GeneralSkeleton/Hitboxes/HandL/Area3D"), NodePath("Model/Armature/GeneralSkeleton/Hitboxes/BicepR/Area3D"), NodePath("Model/Armature/GeneralSkeleton/Hitboxes/TricepR/Area3D"), NodePath("Model/Armature/GeneralSkeleton/Hitboxes/HandR/Area3D")]
fists = [NodePath("Model/Armature/GeneralSkeleton/Fists/HandL/Fist"), NodePath("Model/Armature/GeneralSkeleton/Fists/HandR/Fist")]
sfx_controller = NodePath("SFX")
animation_tree_reference = ExtResource("4_h1yqc")
body_slot = NodePath("Model/Armature/GeneralSkeleton/Body Slot")
right_hand_slot = NodePath("Model/Armature/GeneralSkeleton/Right Hand Slot")
initial_loadout = ExtResource("4_atjvi")
round_pivot_offset = NodePath("RoundPivotOffset")
camera_pivot_offset = NodePath("CameraPivotOffset")

[node name="Model" parent="." instance=ExtResource("1_uct5m")]
transform = Transform3D(-1, 0, -8.742278e-08, 0, 1, 0, 8.742278e-08, 0, -1, 0, 0, 0)

[node name="GeneralSkeleton" parent="Model/Armature" index="0"]
bones/0/position = Vector3(0.85898083, 1.5809287, -0.75531775)
bones/0/rotation = Quaternion(0.4973504, -0.50263566, 0.50263566, -0.4973504)
bones/1/position = Vector3(0.39450186, 0.57026017, 0.9463878)
bones/2/position = Vector3(0.12995769, 0.14917254, 0.60072064)
bones/2/rotation = Quaternion(0.70235986, -0.011886622, -0.025782907, 0.71125567)
bones/3/position = Vector3(-0.025792222, 1.6103811, 0.7721202)
bones/3/rotation = Quaternion(0.70710677, -1.3767877e-07, -1.3767877e-07, 0.70710677)
bones/4/position = Vector3(0.056278497, 0.8497327, -0.00973814)
bones/4/rotation = Quaternion(-0.17575051, -0.20136383, 0.049864206, 0.96232945)
bones/5/rotation = Quaternion(0.047958948, 0.0043430803, -0.014091092, 0.99874055)
bones/6/rotation = Quaternion(0.12309931, 0.009109798, -0.013863816, 0.9922557)
bones/7/rotation = Quaternion(-0.3865206, 0.2616602, 0.12046062, 0.87614214)
bones/8/rotation = Quaternion(0.79895055, 0.06635111, -0.11192227, -0.5871533)
bones/9/rotation = Quaternion(-0.11148436, 0.6536456, -0.7408603, -0.10698088)
bones/10/rotation = Quaternion(-0.46703336, 0.012653946, -0.30007878, 0.8316685)
bones/11/rotation = Quaternion(0.6739572, 0.08078992, -0.034936514, -0.73350805)
bones/12/rotation = Quaternion(0.057185996, 0.6646729, -0.7439335, -0.038765587)
bones/13/rotation = Quaternion(-1.7881395e-07, 4.656588e-09, 1.7763568e-14, 1)
bones/14/rotation = Quaternion(0.23753169, 0.021737326, -0.040799562, 0.9702791)
bones/15/rotation = Quaternion(0.014474427, 0.1613564, -0.06355825, 0.98474115)
bones/16/rotation = Quaternion(-0.05205601, -0.12177108, 0.060533315, 0.98934203)
bones/17/rotation = Quaternion(0.54592764, 0.5858916, 0.50774914, -0.31762397)
bones/18/rotation = Quaternion(-0.5247587, -0.39850792, 0.06623897, 0.7492877)
bones/19/rotation = Quaternion(-0.030371625, -0.090621136, -0.7548964, 0.64884275)
bones/20/rotation = Quaternion(-0.046258446, 0.65651995, 0.20607792, 0.7241365)
bones/21/rotation = Quaternion(0.49999997, 0.5000001, 0.49999997, 0.49999988)
bones/22/position = Vector3(0.25848648, -0.29428247, 0.27853936)
bones/22/rotation = Quaternion(0.22145475, -0.6353435, -0.7302242, 0.11861342)
bones/23/rotation = Quaternion(0.24587187, -0.627303, -0.53176147, -0.5130963)
bones/24/rotation = Quaternion(-0.15339015, 0.16056624, 0.45133215, 0.8642854)
bones/25/rotation = Quaternion(0.05148089, 0.009792655, 0.7877443, 0.61376935)
bones/26/rotation = Quaternion(0.09996765, 0.94673944, -0.07072145, -0.2978077)
bones/27/rotation = Quaternion(-0.50000006, 0.50000006, 0.50000006, -0.49999988)
bones/28/position = Vector3(-0.13001978, -0.22127861, 0.13558872)
bones/28/rotation = Quaternion(0.2691233, 0.6361701, 0.7130613, -0.12001628)
bones/29/rotation = Quaternion(0.41305318, 0.40231857, 0.8167278, 0.02196452)
bones/31/position = Vector3(-0.13330111, 1.250619, -0.7389869)
bones/31/rotation = Quaternion(-0.4973504, -0.50263566, 0.50263566, 0.4973504)
bones/32/position = Vector3(-0.1314107, 0.6745196, 0.8648017)
bones/33/position = Vector3(-0.11722655, 0.37979648, 0.10656785)
bones/33/rotation = Quaternion(0.8868696, -0.00019398793, 0.0089088, 0.46193373)

[node name="Hitboxes" parent="Model/Armature/GeneralSkeleton" index="1" instance=ExtResource("12_kgubi")]

[node name="Head" parent="Model/Armature/GeneralSkeleton/Hitboxes" index="0"]
transform = Transform3D(0.9604339, -0.112541154, -0.25475702, 0.097958475, 0.9927772, -0.06926456, 0.26071206, 0.04156842, 0.96452135, -0.004754581, 1.5594631, -0.052954398)

[node name="CollisionShape3D" parent="Model/Armature/GeneralSkeleton/Hitboxes/Head/Area3D" index="0"]
transform = Transform3D(1, 0, 0, 0, 1, 0, 0, 0, 1, 0, 0, 0)

[node name="Torso" parent="Model/Armature/GeneralSkeleton/Hitboxes" index="1"]
transform = Transform3D(0.9272127, -0.10541022, -0.35939574, 0.10826953, 0.99404633, -0.012225375, 0.3585447, -0.027576089, 0.9331052, 0.023959123, 1.0468959, -0.002876129)

[node name="CollisionShape3D" parent="Model/Armature/GeneralSkeleton/Hitboxes/Torso/Area3D" index="0"]
transform = Transform3D(1, 0, 0, 0, 1, 9.536747e-08, 0, -9.536747e-08, 1, 1.1641532e-09, 0.15814096, -1.6478486e-08)
shape = SubResource("CapsuleShape3D_atjvi")

[node name="HipL" parent="Model/Armature/GeneralSkeleton/Hitboxes" index="2"]
transform = Transform3D(0.98296124, -0.16286029, 0.085228086, -0.002733931, 0.45066208, 0.8926904, -0.18379292, -0.8777131, 0.4425381, 0.12876894, 0.8907706, 0.060042955)

[node name="CollisionShape3D" parent="Model/Armature/GeneralSkeleton/Hitboxes/HipL/Area3D" index="0"]
transform = Transform3D(1, -2.3841817e-09, -2.3841897e-09, 2.3841857e-09, 1, 1.6784692e-06, 2.3841857e-09, -1.6784692e-06, 1, -2.9886649e-09, -0.3089637, 5.1625767e-07)
shape = SubResource("CapsuleShape3D_h1yqc")

[node name="ShinL" parent="Model/Armature/GeneralSkeleton/Hitboxes" index="3"]
transform = Transform3D(0.90240675, -0.05706908, -0.42708948, 0.014275916, -0.9866862, 0.16200805, -0.43064895, -0.15229428, -0.8895775, 0.20149353, 0.67914814, 0.4521366)
bone_name = "LeftLowerLeg"

[node name="CollisionShape3D" parent="Model/Armature/GeneralSkeleton/Hitboxes/ShinL/Area3D" index="0"]
transform = Transform3D(1, 3.135205e-07, -6.747247e-07, -3.1352047e-07, 1, 3.8146972e-08, 6.747247e-07, -3.814676e-08, 1, 7.359241e-08, 0.2466113, -5.682134e-09)
shape = SubResource("CapsuleShape3D_vyrir")

[node name="FootL" parent="Model/Armature/GeneralSkeleton/Hitboxes" index="4"]
transform = Transform3D(-0.9903294, 0.13588938, 0.027971972, 0.02322207, -0.036414176, 0.99906707, 0.13678128, 0.99005485, 0.03290654, 0.16612664, 0.1949378, 0.3619753)
bone_name = "LeftFoot"

[node name="CollisionShape3D" parent="Model/Armature/GeneralSkeleton/Hitboxes/FootL/Area3D" index="0"]
transform = Transform3D(1, -5.960441e-08, -2.8133397e-07, 5.9604645e-08, 1, 8.3923277e-07, 2.813339e-07, -8.3923277e-07, 1, 1.5409757e-08, 0.11792735, -0.086379275)
shape = SubResource("CapsuleShape3D_nu4w7")

[node name="HipR" parent="Model/Armature/GeneralSkeleton/Hitboxes" index="5"]
transform = Transform3D(0.66972536, 0.74216557, 0.02565755, -0.32045498, 0.2576632, 0.9115472, 0.6699079, -0.6187084, 0.41039425, -0.05143424, 0.8637666, -0.012802262)

[node name="CollisionShape3D" parent="Model/Armature/GeneralSkeleton/Hitboxes/HipR/Area3D" index="0"]
transform = Transform3D(1, 7.450581e-09, 8.940697e-08, -2.9802322e-08, 1, -8.940697e-08, 6.2584877e-07, 2.2351742e-08, 1, 5.9604645e-08, -0.08147991, 2.9802322e-08)
shape = SubResource("CapsuleShape3D_h1yqc")

[node name="ShinR" parent="Model/Armature/GeneralSkeleton/Hitboxes" index="6"]
transform = Transform3D(0.7800386, 0.07923744, 0.62069416, -0.20911402, -0.90190727, 0.3779346, 0.5897552, -0.42459947, -0.6869529, -0.38665402, 0.73908263, 0.26268274)
bone_name = "RightLowerLeg"

[node name="CollisionShape3D" parent="Model/Armature/GeneralSkeleton/Hitboxes/ShinR/Area3D" index="0"]
transform = Transform3D(1, 0, 0, 0, 1, 0, 0, 0, 1, 7.450581e-09, 0.24079823, -3.7252903e-09)
shape = SubResource("CapsuleShape3D_vyrir")

[node name="FootR" parent="Model/Armature/GeneralSkeleton/Hitboxes" index="7"]
transform = Transform3D(-0.7828242, -0.6112635, -0.116375946, 0.073854074, -0.27697837, 0.9580337, -0.6178447, 0.7413772, 0.26196975, -0.33708173, 0.30035323, 0.04155235)
bone_name = "RightFoot"

[node name="CollisionShape3D" parent="Model/Armature/GeneralSkeleton/Hitboxes/FootR/Area3D" index="0"]
transform = Transform3D(1, 1.2397778e-07, -2.8610263e-08, -1.2397778e-07, 1, -3.8146993e-08, 2.8610257e-08, 3.8146997e-08, 1, 1.6626384e-08, 0.122140706, -0.06813341)
shape = SubResource("CapsuleShape3D_nu4w7")

[node name="BicepL" parent="Model/Armature/GeneralSkeleton/Hitboxes" index="8"]
transform = Transform3D(0.14937052, 0.07715932, 0.9857661, 0.5930618, -0.8047083, -0.026877731, 0.79118025, 0.588635, -0.16595995, 0.12931791, 1.3948721, -0.0037638284)

[node name="CollisionShape3D" parent="Model/Armature/GeneralSkeleton/Hitboxes/BicepL/Area3D" index="0"]
transform = Transform3D(1, 6.294243e-07, 6.484988e-07, -6.2942485e-07, 1, 9.15527e-07, -6.4849826e-07, -9.155274e-07, 1, 7.2324646e-08, 0.11490603, -1.0892491e-07)
shape = SubResource("CapsuleShape3D_yuu1e")

[node name="TricepL" parent="Model/Armature/GeneralSkeleton/Hitboxes" index="9"]
transform = Transform3D(0.06263818, 0.23224375, 0.9706386, 0.68687046, 0.69555265, -0.21074995, -0.7240757, 0.6799039, -0.11595324, 0.15170272, 1.1097696, 0.19764645)

[node name="CollisionShape3D" parent="Model/Armature/GeneralSkeleton/Hitboxes/TricepL/Area3D" index="0"]
transform = Transform3D(1, -1.9073488e-08, -9.536735e-09, 1.9073488e-08, 1, 3.8146986e-08, 9.536734e-09, -3.8146986e-08, 1, -7.812945e-10, 0.08979045, -3.425235e-09)
shape = SubResource("CapsuleShape3D_s247j")

[node name="HandL" parent="Model/Armature/GeneralSkeleton/Hitboxes" index="10"]
transform = Transform3D(-0.8828785, 0.3866404, 0.26652336, 0.40617132, 0.34386963, 0.8466278, 0.23569122, 0.8557236, -0.46063745, 0.22312817, 1.3314829, 0.4053241)
bone_name = "LeftHand"

[node name="CollisionShape3D" parent="Model/Armature/GeneralSkeleton/Hitboxes/HandL/Area3D" index="0"]
transform = Transform3D(1, 0, 0, 0, 1, 0, 0, 0, 1, 1.8626451e-09, 0.14638667, 0)
shape = SubResource("SphereShape3D_opawo")

[node name="BicepR" parent="Model/Armature/GeneralSkeleton/Hitboxes" index="11"]
transform = Transform3D(-0.8358374, -0.5038001, -0.21808553, -0.07185784, -0.2934375, 0.95327395, -0.54425395, 0.8124532, 0.20906398, -0.14101857, 1.4091191, -0.0792939)

[node name="CollisionShape3D" parent="Model/Armature/GeneralSkeleton/Hitboxes/BicepR/Area3D" index="0"]
transform = Transform3D(1, 2.0861626e-07, 2.682209e-07, 0, 1.0000014, -1.6391277e-07, 0, -9.536743e-07, 0.9999998, -5.9604645e-08, 0.042949677, -5.9604645e-08)
shape = SubResource("CapsuleShape3D_xrq4a")

[node name="TricepR" parent="Model/Armature/GeneralSkeleton/Hitboxes" index="12"]
transform = Transform3D(-0.30107695, 0.91438186, -0.27066314, -0.20085004, 0.21666026, 0.9553628, 0.93220836, 0.34200042, 0.11842212, -0.32173482, 1.3025185, 0.20057842)

[node name="CollisionShape3D" parent="Model/Armature/GeneralSkeleton/Hitboxes/TricepR/Area3D" index="0"]
transform = Transform3D(1, 5.9604645e-08, 9.685755e-08, 0, 0.9999995, 2.9802322e-08, 2.9802322e-08, -5.9604645e-08, 1, 1.6421286e-08, 0.1505034, -8.970706e-09)
shape = SubResource("CapsuleShape3D_ddimd")

[node name="HandR" parent="Model/Armature/GeneralSkeleton/Hitboxes" index="13"]
transform = Transform3D(0.3044533, 0.89501214, 0.3259778, 0.7365596, -0.0042119175, -0.67635965, -0.60397714, 0.44602215, -0.66051203, -0.03412211, 1.3699874, 0.30115336)
bone_name = "RightHand"

[node name="CollisionShape3D" parent="Model/Armature/GeneralSkeleton/Hitboxes/HandR/Area3D" index="0"]
transform = Transform3D(1, 0, 0, 0, 1, 0, 0, 0, 1, 0, 0.16869704, 0)
shape = SubResource("SphereShape3D_opawo")

[node name="Fists" parent="Model/Armature/GeneralSkeleton" index="2" instance=ExtResource("13_atjvi")]

[node name="HandL" parent="Model/Armature/GeneralSkeleton/Fists" index="0"]
transform = Transform3D(-0.8828785, 0.3866404, 0.26652336, 0.40617132, 0.34386963, 0.8466278, 0.23569122, 0.8557236, -0.46063745, 0.22312817, 1.3314829, 0.4053241)
bone_name = "LeftHand"

[node name="CollisionShape3D" parent="Model/Armature/GeneralSkeleton/Fists/HandL/Fist" index="0"]
transform = Transform3D(1, 0, 0, 0, 1, 0, 0, 0, 1, 0, 0, 0)

[node name="HandR" parent="Model/Armature/GeneralSkeleton/Fists" index="1"]
transform = Transform3D(0.3044533, 0.89501214, 0.3259778, 0.7365596, -0.0042119175, -0.67635965, -0.60397714, 0.44602215, -0.66051203, -0.03412211, 1.3699874, 0.30115336)
bone_name = "RightHand"

[node name="CollisionShape3D" parent="Model/Armature/GeneralSkeleton/Fists/HandR/Fist" index="0"]
transform = Transform3D(1, 0, 0, 0, 1, 0, 0, 0, 1, 0, 0, 0)

[node name="Body Slot" type="BoneAttachment3D" parent="Model/Armature/GeneralSkeleton" index="3"]
transform = Transform3D(0.9139323, -0.025191855, -0.405084, 0.16675118, 0.93325055, 0.31817842, 0.3700294, -0.35834178, 0.8571286, 0.017919745, 1.2011132, -0.073343426)
bone_name = "Spine"
bone_idx = 13

[node name="Offset" type="Node3D" parent="Model/Armature/GeneralSkeleton/Body Slot"]
transform = Transform3D(1, 0, 0, 0, 1, 0, 0, 0, 1, -1.4551915e-08, 0.049593996, -0.2178481)

[node name="Right Hand Slot" type="BoneAttachment3D" parent="Model/Armature/GeneralSkeleton" index="4"]
transform = Transform3D(0.3044533, 0.89501214, 0.3259778, 0.7365596, -0.0042119175, -0.67635965, -0.60397714, 0.44602215, -0.66051203, -0.03412211, 1.3699874, 0.30115336)
bone_name = "RightHand"
bone_idx = 26

[node name="Offset" type="Node3D" parent="Model/Armature/GeneralSkeleton/Right Hand Slot"]
transform = Transform3D(-4.371139e-08, 1, -4.371139e-08, 0, -4.371139e-08, -1, -1, -4.371139e-08, 1.9106855e-15, 7.988287e-09, 0.18275072, -8.7311525e-10)

[node name="AnimationPlayer" type="AnimationPlayer" parent="Model"]
root_node = NodePath("../Armature")
libraries = {
&"": SubResource("AnimationLibrary_jcis8"),
&"Lower Body": ExtResource("2_h5hc6"),
&"Taunts": ExtResource("16_h1yqc"),
&"Upper Body": ExtResource("4_5qgjw")
}

[node name="SFX" type="Node3D" parent="."]
process_mode = 3
script = ExtResource("4_stcy1")

[node name="Taunts" type="Node3D" parent="SFX"]

[node name="Entrance" type="AudioStreamPlayer3D" parent="SFX/Taunts"]
stream = ExtResource("5_75d35")
volume_db = -15.0
max_db = 0.0
bus = &"Characters"
attenuation_filter_db = 0.0

[node name="Win" type="AudioStreamPlayer3D" parent="SFX/Taunts"]
stream = ExtResource("6_stcy1")
volume_db = -15.0
max_db = 0.0
bus = &"Characters"
attenuation_filter_db = 0.0

[node name="Lose" type="AudioStreamPlayer3D" parent="SFX/Taunts"]
stream = ExtResource("7_stcy1")
volume_db = -15.0
max_db = 0.0
max_polyphony = 26
bus = &"Characters"
attenuation_filter_db = 0.0

[node name="Common" parent="SFX" instance=ExtResource("8_lcsv2")]

[node name="Death" type="AudioStreamPlayer3D" parent="SFX"]
transform = Transform3D(1, 0, 0, 0, 1, 0, 0, 0, 1, 0, 1.49041, 0)
stream = ExtResource("9_stcy1")
volume_db = -10.0
max_db = 0.0
pitch_scale = 0.64
bus = &"Characters"
attenuation_filter_db = 0.0

[node name="Hit" type="AudioStreamPlayer3D" parent="SFX"]
transform = Transform3D(1, 0, 0, 0, 1, 0, 0, 0, 1, 0, 1.49041, 0)
stream = SubResource("AudioStreamRandomizer_lcsv2")
volume_db = -10.0
max_db = 0.0
pitch_scale = 0.64
bus = &"Characters"
attenuation_filter_db = 0.0

[node name="Pickup" type="AudioStreamPlayer3D" parent="SFX"]
transform = Transform3D(1, 0, 0, 0, 1, 0, 0, 0, 1, 0, 1.49041, 0)
stream = SubResource("AudioStreamRandomizer_0yp2h")
volume_db = -10.0
max_db = 0.0
pitch_scale = 0.64
bus = &"Characters"
attenuation_filter_db = 0.0

[node name="Attack" type="AudioStreamPlayer3D" parent="SFX"]
transform = Transform3D(1, 0, 0, 0, 1, 0, 0, 0, 1, 0, 1.49041, 0)
stream = SubResource("AudioStreamRandomizer_68nn1")
volume_db = -10.0
max_db = 0.0
pitch_scale = 0.64
bus = &"Characters"
attenuation_filter_db = 0.0

[node name="Special 1" type="AudioStreamPlayer3D" parent="SFX"]
transform = Transform3D(1, 0, 0, 0, 1, 0, 0, 0, 1, 0, 1.49041, 0)
stream = ExtResource("19_stcy1")
volume_db = -10.0
max_db = 0.0
pitch_scale = 0.64
bus = &"Characters"
attenuation_filter_db = 0.0

[node name="Special 2" type="AudioStreamPlayer3D" parent="SFX"]
transform = Transform3D(1, 0, 0, 0, 1, 0, 0, 0, 1, 0, 1.49041, 0)
stream = ExtResource("20_75d35")
volume_db = -10.0
max_db = 0.0
pitch_scale = 0.64
bus = &"Characters"
attenuation_filter_db = 0.0

[node name="Special 3" type="AudioStreamPlayer3D" parent="SFX"]
transform = Transform3D(1, 0, 0, 0, 1, 0, 0, 0, 1, 0, 1.49041, 0)
stream = ExtResource("21_p1tty")
volume_db = -10.0
max_db = 0.0
pitch_scale = 0.64
bus = &"Characters"
attenuation_filter_db = 0.0

[node name="RoundPivotOffset" type="Marker3D" parent="."]
transform = Transform3D(1, 0, 0, 0, 1, 0, 0, 0, 1, 0, 0.15, -0.2)

[node name="CameraPivotOffset" type="Marker3D" parent="."]
transform = Transform3D(1, 0, 0, 0, 1, 0, 0, 0, 1, 0.5, 1.4, 0)

[editable path="Model"]
[editable path="Model/Armature/GeneralSkeleton/Hitboxes"]
[editable path="Model/Armature/GeneralSkeleton/Fists"]
[editable path="SFX/Common"]
